10
1324
7559
4592
5332
2197
480
6792
6796
9348
3841
5199
8312
355
544
5302
6715
86
3840
677
4181
6871
5894
9306
8464
5274
928
6543
4166
7015
9105
7625
2632
484
7364
3289
6330
7567
9911
3660
2478
9826
7230
7536
6519
736
6320
8849
2734
4370
7668
4783
2385
2756
3599
1673
4870
8978
9093
615
9048
5050
5168
3197
9867
4945
2669
916
9479
746
5012
3847
2778
9139
5302
4650
9411
510
7618
7705
8280
1262
168
6888
8684
6299
7365
7257
9995
8887
2339
3070
3517
5138
5915
8462
4127
8417
2700
4160
5378
4684
2879
1791
1545
5721
8026
340
5349
4990
9555
7486
5550
8909
6252
8422
1606
2135
7150
1313
919
2753
39
4149
278
7101
9380
2406
1817
3182
8871
6524
1512
6817
3864
3883
5002
1484
5876
8458
5905
9555
5566
1490
9834
4094
1426
5653
2529
4890
4646
9612
1269
2005
3199
6297
1275
6516
6220
8033
2486
4770
3899
2040
293
9018
4271
1428
9476
4109
1320
8858
930
1630
719
3660
2538
1359
7834
4558
3502
4528
8092
9318
6520
2160
6799
9091
2509
8610
4718
5065
6008
8178
7561
4628
9515
6331
4399
8249
6893
7025
9872
9545
8515
2900
5379
5149
1043
4146
5771
8767
4406
7300
8694
7160
8010
7069
7420
200
8862
5255
4639
661
7137
4895
6680
6824
2003
9168
8661
8902
5444
1400
4509
9894
2163
4466
3164
5151
8817
4403
4681
8069
3658
2123
9992
1544
6309
6167
15
18
7736
7276
3198
4183
6828
6809
2060
8366
7092
8289
954
826
7643
6300
2146
2143
819
3894
9523
9476
3905
2699
6925
2847
7771
7841
4230
2829
1947
123
1926
9833
2448
8199
1373
3987
6014
1777
8286
1585
9880
2579
2343
1025
2202
6351
6963
7950
6966
7532
6699
6338
573
5986
2278
3194
7002
1183
7628
5266
5544
5884
3303
7033
1439
1625
4858
8604
8135
5573
7393
3167
1362
5290
3114
5885
5186
4314
2596
3708
3936
4474
4764
3884
2800
791
3704
2546
6721
6766
5144
7289
7211
9449
4612
9403
3222
4610
5176
6617
4024
6060
9866
1512
6704
3445
5422
5233
8294
159
2749
6434
5466
9180
2673
9702
2475
8442
6944
4563
8173
230
1616
7073
7081
4372
5828
7520
9916
6960
2802
7541
1720
52
4962
808
1639
9034
7832
7470
4370
73
5852
5190
677
5445
3903
2166
3864
6272
6594
7096
5391
2810
8162
3725
6864
3108
103
1047
5214
7761
2214
562
715
1611
7241
2977
515
4783
4577
5205
4470
1511
2866
8339
6960
5782
6815
3318
584
9869
5429
26
8564
303
3782
4902
5766
7392
6797
5367
365
1233
9734
1891
3520
6145
6080
1268
5533
9541
3576
8383
9743
2597
2523
4249
8133
8981
2453
7609
6952
4524
2643
6659
1174
2103
1145
5474
70
1768
5998
4325
834
6877
3759
8364
1245
9734
306
812
4948
7697
9341
2509
3603
7694
5005
7495
6723
6820
7570
373
2313
2224
5630
6530
6170
3721
2255
2344
6534
1667
7444
1606
485
6624
1258
9493
4847
6214
9142
189
5940
7222
4971
546
4422
5197
7722
662
4433
9773
4683
3297
4465
7436
2061
1722
3731
9398
9649
2557
712
1247
5268
1609
5182
1060
8418
3692
4245
3279
7139
5772
8721
7585
8368
7001
3897
9354
6060
3627
5400
4556
4023
2412
840
4222
4729
2905
1058
2171
8022
5279
6692
8638
2445
7119
2644
3834
819
4603
2336
7956
4919
42
2668
6650
4258
1876
9636
1349
7961
9461
1720
6064
647
3481
2932
5102
8260
8345
7267
3301
8023
6321
463
423
1541
7673
626
5198
9293
2213
2053
899
7000
7068
4951
2625
7119
3790
2014
2333
4367
4700
8614
9773
4451
352
5243
326
7534
5920
8231
3302
2328
5370
4312
4042
9874
9670
8507
8677
3123
1492
9977
6399
4686
9320
6911
8156
5420
5732
1600
9454
8215
1562
420
3443
1109
974
5193
233
5619
8571
5174
6749
7375
6988
237
1928
6713
3465
672
1415
9212
2224
3807
5864
1681
273
6915
7626
7140
782
5902
9256
9298
4310
5065
8315
9194
6020
7241
5198
4913
1622
9762
5748
2740
5319
6989
6674
983
5492
6111
6683
4956
5720
5893
4419
1520
5028
7317
326
525
5225
3213
360
2459
1080
3836
5523
5976
6115
9354
7723
5136
4872
6505
6973
4081
4874
4803
7108
5347
2773
6059
2808
7037
5310
9384
2361
4141
5979
7833
9204
6818
8214
5279
2310
1445
8997
2521
6519
58
9360
2761
8589
2796
9525
5073
1238
4171
7028
4371
1086
7664
1007
4418
3452
2977
7579
3392
3314
565
5736
4858
2033
1153
9744
8648
4923
3680
8051
1630
1604
586
1501
4686
3812
8839
4247
4128
6517
3090
610
8146
8978
9196
9014
7703
1716
5729
323
8035
5227
8618
2779
8697
5873
3898
8121
5261
9400
4206
5803
7494
8809
3387
1903
7434
7192
8793
738
7104
8792
3600
907
1618
4174
973
6750
5631
8133
8784
7696
6356
8967
8786
4870
1139
3781
3832
6879
1226
777
1441
4782
7089
2388
3916
9760
6292
6815
9088
3630
8594
7945
4294
744
4991
4844
4513
5002
7410
9330
3008
1470
1109
812
9726
4088
2391
9632
8337
1989
1303
1971
3398
5761
4408
5861
4334
3688
3829
6005
4300
1496
6705
9955
6984
4033
8495
8197
7936
3749
105
4803
6394
6469
6453
7993
3780
3583
3901
3350
6939
1457
2922
6672
8545
3154
1450
6027
65
9210
3826
5170
3451
2648
2917
8339
1252
6350
496
4586
3774
1567
7561
6663
125
7951
5614
2893
4161
3213
5151
7195
8422
2326
4655
3740
509
747
2032
5666
8317
4231
8397
2937
1820
3582
9342
5898
3697
4636
6282
9446
4064
514
4454
5963
7486
8643
1319
1054
6657
8336
5817
6590
9821
198
9216
1955
9678
5236
2795
7201
5909
8373
8349
6602
7307
6434
3502
5353
6645
3241
8694
4429
9181
2774
9519
1181
4166
8366
9626
3336
5267
5364
8183
9300
6632
2440
9415
5971
1269
2477
8869
1970
1638
8362
6028
6236
8389
6720
3922
8715
6677
1165
10
6764
6291
4551
5748
332
3520
8553
3715
6618
5769
609
7448
2802
4432
1772
927
8974
9925
5946
339
6913
4877
5698
8959
4351
6889
2039
4822
2731
9472
2450
9534
4775
1279
9615
8573
2182
80
7827
513
9601
6417
5738
1379
1299
8248
5024
6562
5056
5269
1192
9032
6693
2783
3873
3921
8313
2437
1243
7286
6484
2020
8489
235
1064
1888
3616
7799
7195
6667
5814
3518
1580
2928
1699
2244
6717
4054
8867
5798
3425
4378
7000
8345
7922
8493
2829
2654
1708
5340
741
9988
7504
1231
1654
4257
7735
2143
4345
340
9294
1069
2670
4826
7930
2582
2147
2832
3812
2089
9286
7643
6170
5763
3570
9080
1987
1150
7914
6985
192
7482
1154
8951
6550
3465
3830
2158
3319
187
9145
7857
3940
7303
8318
8780
1304
3441
9422
3628
3527
815
5723
7766
8444
4938
8175
6431
4359
3529
3498
2822
9192
6265
7449
1583
7767
2527
6125
8548
3153
6088
1268
3743
1341
2626
1269
2036
7508
718
4595
9633
2354
1983
6843
822
8544
1534
1210
8093
9443
464
612
8299
1420
8014
2282
3998
5996
6556
546
9864
8125
4142
328
1089
9745
8673
6714
8346
2390
7172
5901
2233
2285
25
4484
4103
9331
234
5140
3771
8597
7941
6099
3325
6244
6542
6448
2598
269
9871
2085
6427
5608
3775
1215
4497
1385
5862
5431
4841
8868
825
3632
1017
2999
8419
9131
8281
9704
8135
7981
8400
4493
6425
6943
8160
4687
1944
4021
9308
4677
3791
5181
2285
8994
9859
1378
4590
6895
2797
4099
7402
322
3046
1934
8134
2756
7181
4092
7853
7226
5775
6333
7988
12
6282
3471
4724
4927
5301
3192
8581
1388
3997
3875
8466
570
4574
7658
2932
9620
9991
7419
3504
7968
1998
6011
5433
2524
2024
5761
5142
7480
6084
9897
7987
5552
1475
1079
5243
2470
5721
3350
6791
703
8448
8764
3327
1462
7444
6622
4034
5855
5559
4946
6149
9250
6143
2571
406
6211
3441
251
1722
6111
4244
5689
7307
3746
3663
3769
875
5835
4187
1117
3259
6855
5644
8720
5323
9746
611
4759
1110
9922
5500
6990
1281
4755
602
4457
9181
4401
8587
9972
5498
1251
8465
1910
6647
6566
9733
4582
1602
1400
2840
9730
5984
8524
638
9257
9495
4672
2829
4608
4314
8663
1994
3854
7595
8144
6731
7219
6837
3147
1693
6884
9211
1666
48
1771
1789
1988
6686
6748
5180
3241
4675
3215
945
8706
4457
1486
6524
9421
8825
6613
2047
1711
170
1662
1099
3618
5616
9639
2462
248
310
8863
8865
9134
5479
1734
4876
8146
9367
5835
5494
4723
7536
3330
1733
5135
3810
8284
9671
57
3021
4551
8906
8437
2511
7342
8398
4235
7088
4065
5268
5260
924
4043
7824
2655
3085
1858
7569
6211
6457
3280
1550
1851
4557
5337
1632
9259
4096
321
1681
5655
9855
1411
3342
3098
3550
1637
3228
3802
6418
6027
386
3358
791
5445
4916
2886
2534
4399
6590
3262
26
9728
1017
3190
9556
3499
1662
9856
1173
428
9610
7855
2211
1023
2553
4381
2437
2833
5497
8825
8518
6708
5581
7581
9021
8536
7600
2347
9983
2620
3757
3002
7458
9919
7666
4292
6420
4643
1033
1827
8635
5039
9311
8982
2919
6295
9755
5445
8309
557
1904
9754
7655
8700
333
5189
3761
9697
1939
2293
5974
8967
5499
856
7772
7713
7087
528
8837
725
9947
2706
5003
6877
7487
9448
6900
9119
1720
8156
2835
4824
9110
7035
3999
1692
9026
2108
5488
3734
2639
8069
2366
6593
3363
5226
4534
6073
6675
227
8194
3779
5423
9698
7466
7935
7590
4538
4073
2450
7026
2146
6615
4076
2771
3438
3021
6887
9544
7784
9024
226
9743
547
4105
1644
7963
125
6024
9216
1108
5455
739
5570
3840
4819
3915
4093
5596
9412
6994
5901
121
2835
3880
7461
5661
5548
2693
1180
1624
3549
8085
2664
1924
4150
6485
5301
737
4705
3796
997
4938
1336
2170
4388
3538
9939
8923
3506
4397
8019
9822
3019
5771
5524
1441
5070
5003
7299
835
2178
1737
3858
3752
2651
1655
8567
2462
8935
7914
9643
2515
2848
5503
7192
5158
4870
3525
8587
4128
213
9158
9596
5691
9979
4011
5881
8066
4088
443
5459
1309
5751
9693
6817
2080
5643
8309
2936
3067
9781
9850
5841
3335
5221
833
8080
6820
5952
2049
2012
1647
2815
1982
7933
8720
7894
916
1608
2478
7617
5176
3924
8682
3333
5971
7805
9868
9544
8230
7773
6868
8421
6284
7687
3972
5857
4206
8018
4783
6911
8138
5514
2955
5874
4748
8988
4298
2606
4646
10
6584
927
5628
6794
6680
7455
6528
9821
2804
7830
61
877
601
9269
2154
7816
2544
2873
7385
2965
4737
9101
9232
8919
2514
7527
6842
4686
4744
2095
5069
8979
8353
9588
9732
9186
1495
2636
3971
7717
7709
7760
4550
4192
6367
6475
7423
8297
2728
7805
1812
1208
7880
9919
781
4255
8413
6339
9449
4309
9461
7988
3778
2475
8289
425
2293
949
8616
444
9547
8244
8692
5125
7504
9984
4180
2124
4043
1098
3627
977
2047
3877
8238
8994
9659
8173
4174
8177
7253
4591
4157
5931
6038
6679
9875
7394
51
6259
1310
8962
6782
3290
2376
4520
6811
2595
1468
7042
5992
6913
746
8798
2037
2175
7329
7859
9583
7158
7408
1960
2162
214
8394
7611
2194
4208
2714
6772
8360
514
6232
6341
4583
1104
7255
185
4134
5386
1031
6407
4363
287
2432
3306
6322
3764
5451
7691
798
7630
492
1854
4709
8387
3391
3690
8540
7870
2793
8155
7037
8980
8705
4134
1828
5549
5314
3516
7256
9721
2361
1417
2385
8018
8225
4016
8681
6028
396
7554
4882
9787
3559
7302
1658
8790
3110
6779
1512
2885
9068
231
5921
9447
8295
5686
2121
313
5825
6420
1559
692
3082
5747
3692
2108
359
7572
661
2761
7709
3748
3035
3551
9673
6227
6981
3472
1552
5165
5659
6967
6893
8079
4594
7364
1626
3285
134
4412
8057
9332
5639
5675
5761
9879
7288
1120
5113
4450
4753
5454
5856
1493
7259
5259
3458
5882
339
9091
7578
5085
4097
4637
1633
6936
356
6931
1725
2515
9471
7437
8203
2894
3333
6559
8352
4249
4419
4320
599
3838
6447
5185
2096
7381
6892
5138
3676
5028
1246
4162
8135
301
5410
1168
7332
6324
5501
5113
7071
5126
7213
9757
7056
9466
3828
6306
1851
4893
3048
6872
7006
8496
4908
8007
1800
4504
2348
244
5282
8720
3396
4593
6750
1884
5972
3578
8211
4237
528
8452
1395
9241
8562
8204
232
9750
2763
7362
1000
8293
7824
133
7976
6058
182
5476
6272
300
3127
5775
3213
6520
8145
7359
7373
6869
1306
7545
3168
42
1050
5698
8840
2126
6165
2417
8784
895
3776
5941
8040
3904
6482
7981
640
9810
5923
9617
3319
8639
2514
4733
1597
8709
7151
407
729
7904
1867
422
2386
6830
1935
6518
3450
2741
3177
237
9802
2291
6625
2220
9290
626
7865
2892
6516
3852
1819
7409
2579
5340
252
2829
4842
9350
9678
5875
8856
3463
8695
75
1926
3126
2265
5106
8182
2212
5442
1927
1838
6450
8938
4954
2802
1399
3524
1846
6936
832
441
3611
2448
2975
5711
3848
3517
8669
2900
9189
3214
7474
6628
7941
9340
5166
7953
8093
3082
5784
3236
1010
601
6907
1958
4339
5164
3235
5437
9840
6128
79
9814
5275
6436
6278
1921
2859
1725
4441
9289
1450
3980
8726
1967
7564
8016
8690
8245
3288
5714
6036
851
8060
1100
4178
7444
3243
6601
5043
5073
8986
1766
4536
2687
4095
4552
9545
9590
4828
1750
6854
5163
9067
5970
4010
7434
9805
3465
3809
9630
8293
1004
1336
1053
7857
7945
7804
3807
3517
1407
2441
977
253
1218
7042
7136
897
5800
9312
5881
5901
9954
5769
655
2732
3765
2575
2392
8107
9829
2754
1349
456
6420
5792
6560
5357
3517
9197
8795
784
1724
8521
4839
9567
969
5981
1239
4342
1213
3972
1349
6615
4222
6740
2586
4739
5704
7807
1879
2337
1552
6340
6010
4861
980
319
3439
7852
9172
4137
9314
2666
2462
4077
8003
1428
5872
5932
8121
6808
5169
8235
6592
5518
3841
7550
1952
1286
5601
5727
7021
6080
2647
7704
1183
3839
521
1241
482
1656
7942
3463
2808
8421
2239
1309
5086
2632
2999
2852
1111
5112
1475
9802
8226
9066
6879
3092
2269
6647
1638
1995
6993
1116
832
384
1280
1866
2349
8474
8579
2915
3692
4792
2019
6656
6900
445
7639
2284
141
8830
2363
7149
1850
640
8769
6405
552
5706
9370
9334
8856
3603
3226
5405
1764
9654
1635
7202
9859
1618
6444
6610
9385
735
7780
1920
4434
4970
1324
4983
3415
3829
3669
6291
7256
9357
7734
22
8662
5060
4210
3936
6556
5384
6243
3810
4737
9392
7700
7663
2645
7779
888
6626
5666
9087
3034
604
1425
4742
7199
105
7525
6236
654
6117
6914
4940
9961
7680
5823
7729
257
3074
4669
9619
4148
1556
2140
3674
8353
5943
1862
5800
8177
545
4677
7716
3950
4347
3265
2975
9110
3024
5113
6158
1515
2515
9422
9840
5037
9012
4908
33
2764
9999
9038
259
481
593
9024
1552
5355
9393
3068
2922
3671
926
9605
4459
6599
4474
5841
9485
5174
5051
3725
6881
5390
4202
453
8040
1013
9590
5807
6853
6421
1095
8164
613
6346
5242
1687
3750
7441
6533
6704
1161
7400
5997
9316
2148
620
5796
3635
9681
1766
8142
2654
9041
5646
492
4813
9918
6998
1189
8136
4889
30
1991
715
4178
10
1062
9726
4258
5966
9161
3155
333
8039
6128
2284
4045
2674
4702
2031
3804
6462
9862
5872
2417
4297
6916
2144
2704
9536
226
3543
4801
1344
6877
2214
2778
1376
5679
6828
7181
7201
7848
2602
3997
9972
1561
1974
1192
1569
8341
621
2775
6195
5857
3525
9538
3593
4933
1473
2703
5214
5783
8632
3049
9537
129
8603
2254
9074
2570
9504
2412
9020
1166
3682
5152
177
4133
3282
2816
5834
8265
9302
9360
8725
1104
9166
5163
8547
1342
1371
6374
1447
7055
6281
8705
8667
2619
6113
253
5283
9589
3678
9333
5504
9624
2968
7300
5780
4566
1879
1723
7716
5575
5489
3350
268
4808
7638
9721
4855
8320
7846
1382
302
3666
8583
3633
7304
6477
3331
3467
2405
1362
8122
3470
1025
9087
1954
5231
2329
5158
2049
1840
670
5020
9812
5029
5279
3540
3653
3275
2773
6133
4523
9949
4967
8707
9330
8238
4463
397
2711
7078
1510
9588
8665
6119
9366
8167
9187
9493
359
3827
1730
2736
2852
2891
5442
2321
29
1407
326
1099
6152
1977
1519
1592
6111
5498
3829
5953
4534
6903
7302
3066
1431
8983
1082
6310
9685
6008
1328
6292
1289
9273
8928
308
6073
6850
397
6012
2336
8072
1681
2998
692
1610
4853
8131
6836
4932
1422
5296
9075
4353
2313
4712
2495
8110
2199
2902
6533
2094
2264
3179
922
3690
88
8753
8620
1991
6916
4959
2584
5199
9473
1085
2820
5673
1999
1145
9020
8503
6109
78
8280
2255
206
8538
8905
6428
6424
48
8661
2365
951
2494
8615
4499
5191
5953
4863
7544
64
2612
1672
8700
5540
8260
9755
5070
6905
6197
6899
272
2719
1823
4215
9940
2351
1385
4221
1928
1031
3417
4313
6806
4620
3114
6329
3902
7581
4748
4232
6437
5666
706
4334
4661
6035
6163
4757
9723
2321
1524
5153
4316
9789
9910
4261
8172
6702
5360
1977
3041
7825
9385
1955
312
1463
3029
7312
3334
4884
9882
7650
4454
290
6599
6572
1681
1106
2492
7785
5280
4446
5283
1550
6522
5944
1442
8351
9127
6026
7077
2003
645
4884
3806
7005
8443
4097
2528
9007
2368
1756
7664
9240
8143
5594
5493
4868
421
5330
7827
5939
9157
1591
383
7188
5112
4076
594
120
694
596
1109
9772
3843
2415
201
3622
4193
8209
9406
3153
5444
3344
8967
6460
5309
3702
2266
1540
9136
475
2224
6083
2271
5682
1840
4173
1844
6336
7805
6966
396
2464
5398
8316
4634
6462
9648
7298
9086
3355
5709
9652
9638
5924
6411
277
4974
5543
7493
2909
3879
4980
4428
3029
9280
83
3189
7536
9834
4292
949
66
8683
4533
4740
4397
3457
6733
208
5524
3137
4080
7827
4962
5399
2957
5558
8637
3746
3346
1530
8665
9881
1110
2748
154
5804
8706
6202
943
8042
9098
9789
7581
2088
8495
1730
9955
6649
3471
7727
2318
5561
5498
3147
902
5562
1995
3995
9299
1340
4952
1004
3633
5757
7557
3738
6809
1108
4436
9250
5533
9242
7212
6668
6999
260
7849
2595
8588
1331
7903
1211
4620
7506
5052
84
5122
6087
179
2812
4345
1875
9370
9279
7792
4329
4948
735
812
6264
9451
393
7081
4311
5096
4026
799
2690
3678
2480
3728
8704
1748
4828
968
751
9551
2612
3897
1952
6114
9880
1980
5753
4546
1707
3677
23
7626
3452
984
4653
6924
9630
2212
6470
1777
9044
8114
8485
2469
112
5683
4586
2655
5130
4470
8995
538
3721
9139
5279
6311
347
9759
657
3541
5420
8481
4499
9612
4567
8585
195
8680
8473
76
1055
3541
91
6272
6578
7444
6399
2577
5991
4858
429
1437
7539
4923
9032
2962
8730
9681
1119
5722
1390
7192
4509
7754
8727
7319
7066
4114
8219
8135
8430
5249
4019
5875
4423
7366
7398
2721
9595
7416
6870
4261
4141
8447
373
1143
8904
6849
4126
2884
8664
2499
7024
6620
4220
199
6136
4827
3256
1259
5160
4054
4260
4827
7909
3341
8552
510
29
4009
5574
6097
8222
4290
3618
4274
7978
1002
4848
4765
4749
5694
142
823
3277
3811
2421
6365
9435
1945
4342
606
6115
5924
8671
8858
7989
8155
532
7957
869
1438
4072
2163
784
3113
7747
6092
2323
9706
5549
8861
5632
7610
6356
2218
2251
4173
4999
1046
7445
4402
9262
7818
1198
7750
8281
480
9582
8163
1778
5620
1225
767
5399
2684
1470
5794
9784
6405
803
9159
1453
7624
8695
5102
4145
9563
1368
7799
7991
9541
1515
5548
2635
9109
7695
4124
942
4554
4263
7337
6485
7919
6652
6216
2962
5505
9852
6847
2376
7496
99
5978
3706
8251
1862
2098
6652
9010
6150
3065
7200
3274
7730
4658
1307
1416
2092
8203
8549
2777
7883
8714
6840
7889
7454
2350
7788
5697
7720
9205
9827
9785
9124
8149
6972
8644
4194
9108
332
6303
4962
8308
2684
5662
5041
7803
25
5264
2891
6301
8097
642
8084
4124
5431
6672
5021
3589
9488
5100
3240
6270
9248
9499
4784
4325
5298
491
1284
7139
2732
1352
7600
7884
8469
4527
6845
2122
3409
4569
5717
8038
9192
1642
5733
9929
882
3896
6505
3423
4388
2092
4090
8136
6407
4363
509
2843
2273
3642
3043
5134
1882
3399
2481
8375
7967
5356
4567
3856
9856
844
1672
1115
1829
2686
8883
5582
7509
9000
2844
9011
1642
2402
7464
8121
8109
8316
1191
4322
9294
7404
7656
2196
3378
5886
5813
8680
1956
6825
5860
4480
9937
1806
6936
5699
8016
4396
2736
4657
4441
4263
7939
3360
1566
9156
6648
1353
7786
1468
3277
9529
5432
3843
1356
9231
3801
7303
1592
5540
9860
8664
9658
1934
1713
8657
3869
2259
8087
9182
859
5474
2613
2816
9033
7965
2745
2929
472
2206
3865
9323
7725
359
2290
5344
3397
5993
6831
4635
4758
5587
2112
7737
6091
4477
9112
5675
2637
2947
7661
599
7937
5355
1690
8389
7923
5525
7958
2690
8769
8836
3017
8286
4528
6016
8888
8829
8684
5072
9085
2786
7791
7709
7638
1771
9637
3533
2603
6987
7695
9953
8331
6028
5417
1349
5032
3874
3996
2175
3392
9896
9859
1408
4434
8194
5665
8610
9445
9083
2732
3259
9965
66
968
1763
9226
386
8633
6701
7242
6985
288
9912
4460
3040
964
8621
917
855
8885
4672
2995
9781
930
4982
3297
6734
7293
4023
1784
9441
6257
747
9699
1546
5274
7789
1970
5354
9365
2385
8262
674
937
5015
5720
454
5195
4488
4443
1786
847
6132
5954
5235
3785
6684
3736
5382
644
7062
5193
8834
8990
9051
5075
3443
1110
9160
570
5473
2891
9945
2080
7604
9871
3002
6032
8521
2404
2129
7685
9394
883
9499
9160
1558
4481
6513
2501
4512
8423
7253
5078
2686
2402
4735
6743
8324
10000
9495
4202
5868
4760
5886
6708
1079
6317
6852
3039
7494
7019
8598
3171
7381
2843
2766
6574
3510
6332
236
1261
4878
6488
3266
2970
3694
1507
5748
7844
8145
6331
4103
7437
2572
4639
6601
5081
706
8597
4768
3107
8493
5400
3593
2293
4091
9928
5962
6246
8731
1106
631
7053
1441
4061
7989
8016
1789
3298
6065
8830
980
5707
569
5221
8907
7423
7095
5146
861
8314
7561
4577
9480
5085
3794
1275
4181
9034
4287
9550
476
2687
4516
1288
1118
4971
7702
1754
7853
8082
5217
2451
6420
2040
5744
3445
49
7502
6132
5163
9091
7160
8602
6318
4750
1293
7292
176
154
1817
1017
5269
2307
3394
868
9388
525
4883
1859
4843
3582
5871
3424
4969
1705
2935
9804
339
4700
8586
2250
5355
3214
8527
7620
3505
7655
6884
5415
5629
3921
3202
9903
4297
2492
5208
5686
7153
2548
2778
6332
1924
4783
9427
1743
9079
8217
9058
7054
6066
5808
3018
1435
5633
3998
2336
9546
8608
3017
6482
3499
7642
9956
8117
6044
9993
7841
1934
6754
8439
7505
4824
2475
7792
9574
5979
1421
634
5156
5314
9478
879
6114
9321
453
2196
8126
2211
7144
3977
4858
9789
3705
5079
2686
4065
8572
1295
1728
8306
7310
5099
9900
8983
7094
3309
9917
1892
2718
8907
2635
8962
8952
1826
1046
1834
3678
3995
8378
135
7312
5773
9630
8931
7113
3840
6072
2324
9392
7585
2746
7686
1041
3879
5737
3641
2993
586
1271
110
4128
3702
1548
1110
4348
8040
2880
6870
1694
8744
5255
1980
1014
3139
1953
1868
479
4796
7037
1321
1743
7670
7738
4095
7473
2069
3744
6515
3588
12
1035
2931
1112
5275
3814
3767
2120
9944
2903
4289
2413
7373
5136
124
711
6091
5479
4590
9350
3032
9053
4373
8572
1852
3002
8078
8236
2061
6073
4209
3728
731
2221
3259
7489
3361
8312
1852
7171
8195
81
7033
869
9090
9007
5944
6043
4397
199
7868
4616
2915
4986
6402
9356
5735
7911
5048
706
3662
2936
4427
8941
9392
6752
250
3466
10
5502
9291
1663
7715
7737
3281
3521
6818
1614
4755
6303
1561
2798
6585
9919
4655
9608
3262
5169
4988
8155
5520
8542
6611
3528
6945
609
1485
4492
4513
5384
5965
5802
4963
3107
9874
3961
5971
3044
764
4174
7650
7089
7425
8447
6048
6226
7435
5737
2596
3981
1453
9535
5788
4184
2580
7938
8192
2062
4037
2642
838
4885
326
9913
8176
5405
1121
7472
1290
5130
3715
2451
9056
8114
3829
3822
1805
2013
9726
9316
7237
9795
7229
4833
5222
5528
5557
6544
735
1519
930
8804
8393
9917
6551
5259
3639
7826
7035
984
7863
2097
8472
2471
9409
1612
79
9476
5473
9395
1769
7027
8196
339
1066
7272
1410
4360
335
884
4743
9541
6238
8015
883
9822
9784
3804
3218
9081
7927
9955
460
5557
8819
2223
1583
4110
2826
9960
4577
540
6394
2263
3025
8749
1535
8021
2551
1498
4105
4865
1236
9473
2157
4019
4052
3757
2877
3950
7380
4886
8023
5985
2719
1800
7269
8050
4950
7726
1205
3932
983
3682
1473
1424
1420
9422
8508
6258
4094
9267
7799
879
5483
7646
5319
6194
7173
1258
8290
5650
1676
3343
5910
2210
2235
2368
1551
7998
6411
6679
6497
7586
7909
2092
7230
564
1948
2393
6549
4955
688
7822
552
4332
7960
9068
5065
9077
2818
9980
1048
4677
1248
7996
2290
359
5947
2939
4893
7485
1418
7465
6583
7036
5452
4913
2346
5126
4989
4361
5572
3133
811
887
3772
6132
1531
8252
526
2068
3294
6737
8909
3661
7592
1110
3375
800
2910
7034
9459
3657
1497
844
6157
9297
2789
890
3459
2990
4808
726
626
9783
9327
6913
9691
6936
7377
2306
5041
4260
7838
5792
8306
6128
2594
3465
5091
3940
2235
2106
3195
7216
359
1033
1662
7357
4846
4524
901
8722
4749
269
5273
9175
8052
3918
1969
5400
2734
5717
6368
5355
9451
7236
1510
5575
6105
4581
9292
2681
3717
7139
564
2499
6026
7136
8753
8090
3728
6875
8476
967
9762
9847
4055
6520
3497
559
4712
9569
4518
1415
6400
4356
319
4621
6636
3361
3241
3810
6448
8546
6590
5727
6785
3862
3777
5439
8923
553
9448
3709
8326
8770
4073
3208
8298
527
8158
536
8669
3943
2168
7880
8674
4479
1255
4003
1171
3115
3243
2864
4228
8431
5711
314
6849
855
7247
2990
4315
9891
4819
1073
9009
5916
4474
8092
1330
8607
2907
5445
2097
6711
8618
9123
50
8244
8400
877
8088
4819
9991
1809
6454
8705
5112
851
4407
8477
3377
7381
2339
8573
37
579
2848
7362
6878
8101
1874
5572
7082
1340
4239
5846
9567
2488
7195
7567
7128
1249
6792
9758
6087
7545
840
7859
1373
727
3443
6797
6596
2319
1717
4502
8962
7625
5914
2153
5144
7092
56
3499
6421
339
353
7824
8391
7364
5914
2032
6307
5211
978
5605
2557
1147
7943
8729
658
3086
4961
2069
444
6555
626
2792
3235
8198
1894
7697
5676
3947
3197
6479
3046
1104
4878
4801
4779
8225
7819
9674
9972
4678
5564
586
8678
25
2131
5697
5249
6990
810
1144
3347
4340
2606
3579
4306
9348
7284
198
4194
8381
9940
125
9669
1617
3858
1458
4201
6824
2278
7239
7553
3146
3586
9771
6561
657
9650
6685
34
5741
3367
2055
1257
9669
5414
8604
3401
4704
8593
8853
2109
4262
9475
459
8381
5153
7423
7868
7654
2446
5882
1607
8689
9839
866
2246
5664
3362
3348
5211
7005
5155
3551
7629
2252
1755
2329
6192
9230
8194
1735
8811
9355
7148
1929
7279
6133
5258
785
9607
7028
793
3116
4928
7494
8792
5017
7086
5267
5130
1042
3626
273
9392
6690
8241
8656
8527
8665
5858
9380
6922
5108
5665
8290
6921
9713
4767
2425
164
4996
1823
4951
1600
7475
4119
3601
2556
9333
4952
6482
9446
3671
5775
5099
8171
9923
5427
9518
1072
6581
2565
2290
580
6406
8148
4446
9529
8971
4913
3174
7384
8290
5615
8957
6009
4092
2051
2245
3959
4178
8714
5722
7764
5483
6410
4758
5254
664
7366
7839
3860
444
5491
8278
8655
8712
5812
3670
1670
8201
6202
6541
7261
4508
2012
980
7154
8207
7764
5049
2643
6441
3107
8713
6081
9214
815
3455
6769
3093
7019
1689
8785
9217
9787
2972
9335
6143
865
4910
467
2224
4453
8253
9562
5596
2837
9274
2089
1430
2203
6198
8900
7711
6182
3284
4060
8660
763
918
7376
1454
5757
9435
433
769
3454
458
5440
6119
9335
1008
9247
8032
9258
4039
7157
614
616
4700
393
4893
3684
9354
9748
3203
6238
7921
6370
5231
9742
6578
2278
5960
1922
8778
2185
5038
1412
5565
7750
4174
2315
6306
2431
1054
6292
4954
2356
8699
4208
9402
5212
679
6693
5352
7979
2938
8641
2458
5900
2858
3912
1269
3151
2171
4921
8926
1593
1556
9597
9372
4900
7059
1260
9589
7133
8735
3022
5261
785
9021
5420
2648
9144
6049
2849
2180
6343
7631
6494
6088
4274
5504
2223
916
8893
9873
7727
5538
3838
1293
2134
4471
6905
1358
7148
8612
7286
2156
6421
7640
6309
9779
3371
1447
4475
6481
3877
2681
4078
3443
8662
6472
9930
6255
8768
3149
278
71
7702
331
3241
8137
9235
127
4608
1802
9517
8666
3326
5466
3131
2711
8350
9279
4359
3978
3988
4978
4681
4424
4987
1627
8786
6740
2346
9457
3771
4149
1883
2906
2303
8892
6936
8409
7920
60
5250
3772
2786
9135
9845
3305
1623
5035
7287
6276
6312
1202
8235
5496
7342
197
1874
1348
2259
7591
4952
5701
5402
6477
9556
8287
5099
2525
789
1779
1985
3901
8834
402
8548
8260
7585
184
873
4922
720
7196
3133
8972
1535
9193
2174
1400
8237
4707
82
8639
3245
9787
8432
7705
2227
5796
7665
5576
8299
1013
6212
2801
2914
4152
977
9984
7803
3580
5987
3701
4687
4765
7812
1902
6265
2218
6175
3782
422
5438
6029
4690
7663
2504
2512
4689
1135
9190
2928
7485
431
5069
4118
3944
4875
6121
8450
8942
5936
7351
2732
7829
2193
3781
9651
3580
451
3410
8148
6916
5965
7325
8521
5022
4924
7016
9218
7332
3608
1116
5828
3297
9732
504
700
557
3037
5637
2203
3350
2320
5806
9109
6832
1610
1254
3921
6818
7447
9311
2764
5383
6499
5760
4267
4157
1148
5467
53
9209
1690
5623
9851
2365
7542
9636
1016
4454
683
3223
185
2984
9375
3294
7073
350
1163
136
4176
5254
8854
5230
9451
3597
4170
3145
300
2781
1808
5456
4186
9832
9361
8001
1054
6400
4122
2377
1836
2380
7609
5838
9370
1367
2157
1818
6464
898
592
5275
8606
5906
7729
5787
6595
8749
6995
7135
9485
2092
6799
6773
764
4528
7057
6871
9933
2747
1698
798
8500
4812
3804
5194
8681
9391
852
741
6543
6995
1338
9778
1008
3800
6481
9515
6906
6149
7497
2474
4085
670
9054
1258
8956
8499
6166
7604
4379
1685
9336
7087
4620
952
1397
9250
9164
5917
778
487
6726
2421
9132
1679
8183
7482
6949
9719
1407
5562
6911
5225
592
1745
9073
9688
8227
4063
7243
8423
5391
2209
804
3013
4191
5272
5274
6134
1253
632
414
2261
8754
235
726
4983
8345
3666
3050
3548
8309
1889
1253
1380
2224
6318
7607
6733
3448
4484
5943
973
1273
3412
6606
4370
4249
5447
4217
4056
7735
8759
579
2665
5655
3460
902
6451
4638
4512
9718
931
842
2010
8675
8324
3723
4988
6540
4062
3192
984
5102
4786
6678
8518
3974
4931
8147
5559
9116
9986
3349
5913
6025
2580
3226
4839
1851
6052
2432
8215
6269
3234
2698
1590
892
6005
6065
8475
9680
1677
4542
214
5679
5363
952
9429
579
8000
7611
5227
2678
2206
7778
4782
5299
2643
4996
9086
5932
268
7131
3003
707
7121
2100
8657
9894
2347
2404
8077
5329
2808
174
2266
9517
3692
8980
9357
9911
6191
6518
9494
629
5603
2370
960
1988
4271
215
9328
3528
1507
4758
428
8735
9568
7079
5963
8600
7518
4850
353
4679
1268
7791
7656
2394
6543
2928
8005
9002
383
8934
8290
7848
5059
9741
8946
2364
4077
9109
5337
1585
9509
20
1727
2455
4384
3829
3911
3220
168
1858
3583
961
3604
1375
5451
9789
6550
9616
9041
6600
7304
1557
7342
1899
9530
879
3906
1741
9946
4810
9330
5944
1279
5791
4760
3174
8879
6700
9756
558
478
8657
2430
4265
6896
8180
7688
7502
4203
8733
3931
1936
915
5656
258
5729
5250
9471
1695
7375
6790
7364
4923
2248
8442
484
3384
6906
595
8614
716
5102
9431
7445
6721
747
5247
7648
5859
7197
2970
7282
3894
2996
4667
9725
8462
8793
8331
9946
5279
2918
9816
4870
7152
4501
6318
7551
1282
685
4514
655
4890
7098
2499
4207
3858
9654
6277
5404
2073
7158
6421
6404
4133
1253
4543
6925
3598
144
5730
6295
7169
3270
4520
5781
5120
5575
9058
4565
3422
3556
1955
8316
5077
8599
5142
6521
2977
4909
4551
1654
6127
1056
2488
6762
5637
6817
378
2801
8179
1701
5597
4987
3265
698
5832
1204
2888
6959
8111
6883
8327
3077
7239
3892
2416
9393
8127
6251
2723
5246
9377
628
9911
3034
2086
6515
4395
6813
4165
8101
725
8722
5993
1876
4749
4175
7303
6891
8173
3144
9166
3399
3057
87
974
8695
8854
6766
6107
9589
2230
9280
8256
3284
4413
2858
6563
7312
3131
6216
1707
7334
7831
9533
3912
2882
6762
8431
5270
8153
8488
5915
5815
4639
3352
5868
6465
1128
8667
6803
9572
9952
8760
10000
3638
1656
6621
157
3288
9480
1216
8148
6897
8433
5869
6484
8429
9712
9872
8845
5885
6221
6191
2484
4193
3653
7378
1745
9387
3868
936
5762
3809
2257
9251
2328
9873
9550
2260
5662
985
1488
2618
4889
1878
8311
2919
6961
8883
7680
7781
360
4087
5136
6198
4001
86
6555
6868
8088
5406
4015
4649
633
927
4861
8720
2474
8914
5995
6203
3372
2670
2597
9659
5063
6855
4168
447
4371
2848
8167
8692
7669
9898
3961
8929
4580
3363
9408
6203
4025
1116
5452
6327
5121
9424
4592
8613
193
2247
8040
4620
5867
1882
9676
3916
107
2673
1638
6536
5157
4203
1690
1618
6722
1768
3640
8879
7631
1968
484
1948
5255
3899
5866
9316
2008
1577
1100
1113
1783
435
7608
2315
9410
6875
9028
4156
9526
5718
6825
3866
462
6331
2507
580
3525
4147
8806
5511
8892
2314
376
2287
5721
2521
3566
6122
2573
8120
4374
5047
3602
8598
1743
6743
1309
1974
5329
1858
1755
8434
601
5832
4495
1091
3910
7712
4598
4820
5565
1769
132
2696
6925
6062
4496
5159
8849
6082
7532
317
4183
7983
8885
7630
4753
2800
5133
855
9503
107
8479
6904
5521
9322
1235
7412
2093
2804
9946
8917
7447
2979
4777
3750
6209
6178
3308
7894
3287
8028
5089
3068
3504
8193
3708
9661
1628
9576
7096
8291
2505
7252
8503
5586
1214
5806
5420
8094
4124
8010
7042
6547
8503
3422
3169
1849
3376
8754
6647
618
4204
5836
4789
6669
9340
4777
753
4923
7134
4571
246
2574
5206
8477
2566
2178
6288
4904
3382
3267
6200
6247
1018
7835
8043
2874
9213
7590
2408
7123
8223
4492
2333
8700
537
390
3476
719
2430
6110
7753
2624
8873
5305
9581
7348
724
2148
9462
9737
9647
8113
4979
1148
7091
5930
9071
636
12
5715
5094
9082
9275
8957
1069
359
8607
8365
9563
5469
168
97
9430
638
4315
4242
6135
1115
5119
936
2085
7416
7989
3373
8590
7522
3379
7628
9576
2028
1066
9390
6308
5397
3239
2855
2977
4402
7477
6205
8528
4375
4878
629
9143
2379
9005
1043
5971
6690
7051
3348
5176
3773
7373
5037
4852
4744
9577
650
2569
3770
8599
9161
1164
3440
6037
2981
402
1418
6053
9319
6748
9681
4505
6844
8712
1051
4034
5842
935
2900
9579
3526
9958
6203
9663
6354
5044
7246
8948
994
1717
8079
7723
7472
7315
484
8247
9684
4845
4208
3270
430
9454
5121
1315
6528
9921
5170
2027
6191
4966
1088
977
4831
6019
7262
7860
726
1014
6913
2881
4102
2925
975
1418
1759
4332
8564
5104
5351
1460
7772
5822
3361
9817
9716
5637
2485
4494
4783
2252
2668
5638
862
1847
111
7925
9540
638
7228
4128
7532
8528
6181
2217
122
9804
9638
5443
5523
2991
3405
5030
9312
9189
6907
1461
1470
3815
9978
7398
6655
9109
7977
1896
7428
6164
7218
4970
1354
6442
2309
9006
8812
8761
584
5958
7594
1131
2600
9467
6015
2246
4059
9742
4718
9954
7901
5744
6076
9305
6886
3802
5294
9084
9705
4711
6127
494
6803
2995
2210
1574
4792
7783
2894
6924
254
291
9938
3781
1849
3637
9484
8750
360
7971
4695
5138
7172
4258
4826
2051
3043
4759
8585
4791
3965
8169
5445
982
3371
1974
9373
3422
1240
1255
5130
806
5652
4105
8610
5725
9758
3088
1494
8636
953
9802
7683
1365
5391
9628
8241
4833
3130
5445
8874
2845
6828
2646
4763
6314
8828
6375
6131
1919
6126
4930
4911
6458
7566
6393
1609
3834
5036
9204
8025
3184
7622
7434
2102
2216
1037
8554
8692
3133
3296
9341
2440
3661
3670
8674
5808
4783
1574
4172
1581
3167
7622
502
8062
7420
2655
6468
5102
2436
8256
1568
5022
3050
8722
8179
3485
4628
8782
9700
6211
9177
3960
9079
1646
8948
9045
7978
9505
4523
632
8213
5417
4394
8696
2112
501
9703
9751
9693
7545
5614
7385
9462
2910
3788
8694
8579
4752
4549
1597
8102
4337
4794
2164
6539
2596
8189
1145
3656
7528
3529
9839
5941
2821
9002
7709
1955
5143
5505
5994
1369
6930
7867
4051
279
3774
3559
4185
2011
2071
9748
1091
6565
1373
389
9468
6679
9354
4127
1212
2024
1039
2628
2990
3137
5043
437
18
2958
1908
7670
3915
2118
6471
2154
567
5474
8766
5161
5089
8100
8589
673
1761
8001
9374
6553
856
9870
2160
1524
4495
8261
1133
2648
9866
6416
8519
6656
5371
2175
1692
7006
3488
7931
4198
5521
5813
9477
6445
121
208
6167
6554
2359
5732
8449
7794
6410
4903
1860
4919
8258
7310
6499
5469
2378
3196
3947
1856
6955
9620
4708
2592
8624
9916
453
6038
5275
6215
1132
3177
3886
3755
3518
6988
5997
6304
8224
1189
7692
5080
9607
4215
2180
8760
8021
2518
5090
7891
4775
7625
3281
3157
2422
631
10
665
6816
2402
8642
1885
5353
3756
9230
5422
5310
8981
2682
9826
8182
1697
4772
2460
5344
1742
3391
7852
2164
3918
8493
4176
2447
9418
8029
3233
816
2203
5067
1443
8952
5749
5879
4097
9892
8666
6345
9271
7194
630
3826
6806
3264
9939
5004
1285
4374
5262
8256
2638
5445
7186
8301
4757
536
8917
7111
7072
4160
764
4537
218
75
903
6143
1086
2392
4281
2643
7770
5321
8726
4499
2357
8542
7743
6251
5928
9381
199
3215
5162
4630
7704
1296
4559
9010
8728
8961
5613
7737
3058
8636
4736
3843
6870
2538
2200
5518
7016
9213
6349
1831
5677
905
2937
7591
7895
9374
773
532
1125
8183
3318
4965
4142
3724
7723
8726
1465
214
3046
4182
3937
1731
4509
9340
6431
2087
2595
7256
2854
3022
3297
7694
3861
4613
8806
1930
1739
9546
475
6915
8753
5461
5761
2182
9680
8607
5167
5650
2707
1641
2288
4607
1588
1617
6578
9279
6211
8477
8693
7292
3285
5628
7819
6545
7537
3909
6919
7108
7262
6375
3805
6222
1738
8412
618
6327
3831
2272
7492
4278
237
4927
8031
5884
5925
4287
1016
6183
2371
9997
3140
2492
9062
4388
7273
5988
2415
8603
1944
3384
2407
5063
875
8010
6160
2511
8443
4753
388
2304
4391
8870
8046
525
5993
9695
354
5207
6197
8107
1544
6182
8676
1428
6947
275
9188
8718
2633
8260
8048
153
7851
3908
6494
2201
3196
1471
1209
1642
5953
6667
3838
8653
9883
3693
109
2499
6661
7782
3498
1519
7107
7082
8816
597
6030
2071
6531
7010
7231
1636
5331
5057
9546
2710
1434
8274
4531
666
4667
1428
4812
3135
302
8641
601
4662
9069
7641
9019
6389
2684
7884
985
2612
8760
8450
2628
271
3201
8365
6296
5558
6039
8996
5920
438
1429
8503
67
3156
7124
4744
6307
4919
4394
1119
5938
1610
1492
4286
4815
2727
6069
9545
95
904
4905
8203
9240
2034
956
7973
8790
6073
6669
781
4386
1899
3143
814
5477
6309
5670
8943
3293
9240
1974
8631
267
3880
6386
8199
2299
1440
5657
785
8521
7523
4355
2233
1572
6974
5086
3313
7005
929
2638
3181
204
2373
3646
464
13
5661
7607
1285
5586
3621
7082
3408
4368
5861
223
8785
1478
6318
9930
6610
3789
9433
1093
3744
8222
4119
5569
1632
2718
4052
4022
5429
1193
2692
9053
9789
8443
2290
5980
6624
9594
7192
5904
1470
3609
1335
2090
2056
45
4027
1330
5767
3120
9365
2023
4342
3888
644
9222
625
559
7576
5288
4967
2025
2404
8154
410
8819
8943
4633
879
60
7505
588
6913
8420
5248
3324
9754
6407
3167
1059
2150
6073
6951
6437
6213
1029
8063
1581
3166
5563
2084
7817
2158
3669
2555
9814
8690
9287
9156
2158
7611
9432
2907
9634
1930
4297
6875
6527
5961
2250
9197
4527
5617
4332
6003
2534
1943
9775
525
125
4837
1264
9764
5673
4048
53
8699
8843
2379
2937
9297
461
9974
5089
367
1970
9706
8260
2495
3550
4921
4138
7846
8850
2263
2722
4295
6936
4505
8471
1209
2069
2436
2086
8818
9115
7020
767
4778
2308
8657
3768
6733
8334
7184
3487
3092
6204
2250
2908
9772
9397
7648
9321
6568
4744
1494
6610
1129
64
3749
2004
3494
4924
1312
7665
3477
6680
8720
3861
6129
5080
947
9612
1131
9564
9652
3230
5224
7213
9173
3595
457
2870
1934
702
1921
1247
4415
9292
678
8771
873
3776
1526
8160
6505
6583
6920
7946
1097
8659
236
7595
4655
9876
2600
7729
6480
8733
724
921
2283
2413
3067
4947
3195
636
5821
8511
264
5101
2656
4915
4898
1028
8440
40
9497
7950
8061
3349
1897
4051
608
7788
2287
8559
2846
2962
8599
5112
7168
8743
2210
7436
6040
9979
3724
1871
9569
8692
1246
8706
2419
7471
5554
6853
8373
7090
340
2411
8348
3304
5114
2936
2811
8765
8217
9181
1933
2414
5413
7374
1937
1294
4004
9177
4433
7117
5764
7282
1469
5012
5708
5837
8058
7134
7291
9080
2105
3723
4925
6568
4294
5437
4194
9566
5288
9211
5994
5194
1797
7771
8624
6644
9551
140
8744
7773
572
8141
5547
6361
5774
6488
5292
6516
5695
238
3775
7032
4586
9445
9040
291
4948
4256
9861
645
9400
2141
9301
7241
8483
218
9155
3895
2602
206
7032
1880
1323
2273
1104
3468
950
3841
3816
3228
6436
9087
4761
9401
9297
3038
3519
5047
6859
6720
6467
3699
9511
2853
357
2589
2293
6720
6881
3142
8178
1067
1752
8435
1742
1272
5851
2897
1388
7262
7475
1475
9925
1537
4069
6408
9583
224
1018
8710
5808
7549
7577
8915
1752
951
6398
970
5119
8747
8029
7097
1751
2540
587
1019
9102
3001
7851
7809
2586
7944
7257
9754
7525
9689
6643
4285
1198
6940
9428
1799
9875
838
6134
1648
9859
6258
7021
146
8614
8824
1598
6780
2393
9074
48
3612
9502
3736
7719
8819
5462
9267
5609
7361
848
8710
4534
5006
9656
5432
9969
3018
636
938
3168
4737
8091
9510
4903
5535
14
7835
4323
2456
2431
209
3067
5103
6278
7811
277
9207
5584
2855
3403
2690
7518
5946
1727
138
5046
4443
6456
8361
9188
7676
7104
8103
6434
9627
9121
2709
2857
2594
4439
8912
1693
5001
972
9229
3333
5434
9841
2233
5697
1799
3091
4434
3631
1832
4940
3545
6757
8573
2573
1437
1216
3468
6570
8460
3146
9283
842
5712
2315
4519
4729
7676
156
2315
7987
8534
6829
3386
8535
6614
4859
1464
7906
6417
6851
8107
6787
8542
9787
1548
8713
5115
882
1337
3097
6654
2582
9359
5836
9643
1386
6458
1023
6666
8214
1026
3423
7069
1883
1793
6580
926
3506
3669
6891
2786
2072
9131
9899
3784
5734
7075
9930
4238
9165
1454
404
8144
2579
2195
8377
3480
4932
1030
8673
5472
3050
4034
3910
3207
3049
5481
8049
3906
3362
9346
9382
9813
9221
1945
2694
332
9846
9991
3308
5403
3810
4208
5603
782
1641
9624
6432
6433
4276
4093
9724
3778
1309
3379
4556
8380
4695
7423
5147
7243
1570
7288
7293
2139
6434
8783
9918
5149
9294
5671
6031
4530
8364
6692
804
2975
7766
8551
4375
4859
770
2617
8886
7065
9686
1974
2867
3760
7194
5375
5471
7479
4850
4475
1404
6389
8141
2548
7672
8463
409
3075
9097
2676
5249
3225
4268
38
7685
8901
849
811
8337
3944
8153
7996
6134
912
9301
8271
9901
8768
904
1309
2664
8797
4250
5971
6455
2506
9398
1464
6166
7942
7111
3870
754
7934
1897
7355
8470
6598
7828
5996
4996
4016
6829
5772
8385
6723
7564
3395
6214
2873
5024
9594
2828
153
8769
8279
2567
8999
8014
6981
8474
1458
6488
3738
1499
4886
10
5568
1315
6971
9999
2247
1005
4811
7533
6009
7683
7574
2182
935
1490
5950
2999
4517
8923
5704
5152
9309
3693
2518
3237
1333
1652
5065
9406
2968
5668
425
7512
4527
9831
1887
9712
371
8151
6590
7097
1418
8803
1388
3554
5903
6058
4072
3990
1956
5183
2183
6501
7752
748
8710
2886
7931
5203
7602
653
9327
4415
8852
1676
5974
1803
5617
5069
1906
370
6161
450
5955
3924
6860
5550
385
9015
7725
9571
605
6604
5150
9751
985
5227
5523
3323
1924
256
672
3852
2970
6619
2122
2777
313
1726
5105
358
4184
9197
2018
9606
3701
5627
6129
2026
8334
7507
8623
4703
7627
6189
304
3661
95
6176
839
2877
7026
6977
5131
164
7270
5640
95
6227
6843
1832
5115
9986
2320
2342
6556
6118
5012
41
2813
5584
3593
4214
4463
132
9849
9798
8472
122
8659
9574
9671
2248
9903
5162
2679
9816
4873
9242
6293
3089
8037
1349
5735
1754
8023
3993
9816
8707
120
4920
6765
5781
177
4534
9849
7809
9996
3900
9718
2285
7698
2216
9565
4984
9412
1555
4571
8420
9762
313
1126
4097
7007
5472
691
8857
7369
9489
9849
6215
5008
6234
7030
7655
8915
5778
6330
5359
2854
3609
1787
3658
8481
5432
2647
4978
4477
4711
5907
7920
6924
963
2130
7147
173
1932
3303
171
2559
4835
8912
6750
7364
8744
8927
5846
5525
37
8107
2391
4357
5847
2409
6295
7927
5064
3349
4018
4199
8993
3332
8017
8755
7457
9320
2098
5335
2790
1993
8032
7886
1790
3539
6684
621
1744
4999
7710
753
9445
2810
6016
8437
1213
4924
3442
6451
5701
501
6484
1483
3907
8558
2045
6041
108
9749
4475
2748
1384
9326
542
1045
5880
4705
165
8788
4495
7969
1049
6309
7426
5534
4055
169
7535
6639
4449
8763
9788
8642
9794
268
8275
7769
2871
5531
8647
7060
9229
2734
5915
8219
4838
7060
2235
7741
7214
1753
1162
5066
6785
537
5493
6270
6678
3334
7349
3752
15
6839
1799
4433
9737
7720
3261
1163
5991
7261
7816
5869
7997
997
9342
8674
9305
4489
9351
6514
6335
7266
1307
4449
3538
9091
8690
7917
3170
3409
3184
3229
5861
402
6533
1723
8952
1703
6690
5934
768
2257
5394
8235
1620
3271
9523
1110
5918
9511
874
9228
6023
3563
1347
1227
6934
129
5332
5478
12
6529
1604
9815
1828
3393
3770
5347
4485
9155
4363
8857
5436
2039
6660
3319
9615
7332
7130
5510
58
353
786
442
9904
7035
5532
6470
3647
2366
8459
912
7766
7626
4992
4717
6008
8892
7484
1845
971
607
2891
7187
1556
1136
2116
3970
2788
6510
4579
478
5043
3777
9229
5293
2451
7169
5987
7845
1302
9797
8171
3949
3981
9272
9431
5774
6795
7846
3990
9984
6043
9679
9450
9897
97
5810
9949
6605
3818
237
5198
3933
3359
4639
3956
368
8782
9944
987
1178
1741
4128
7840
3452
2109
4478
6498
2944
65
6166
1650
8651
8263
4989
145
5436
559
6035
6780
461
1878
645
6200
6652
5195
8639
2817
2838
8816
8264
1910
9019
98
583
9648
9182
4135
3977
4321
9941
1813
7712
5530
1798
8641
1417
634
6487
7782
3285
4782
1791
7417
5560
7811
7204
9548
3860
7864
1924
2585
739
8861
5463
3988
586
5166
1142
9550
7575
8170
3664
1190
5841
4159
6371
6480
2910
4530
1637
5527
653
4160
825
2641
8595
27
4518
891
5207
6801
2038
7162
6077
5603
405
2089
6147
8422
2444
5835
3568
6742
1539
8830
3842
6207
7036
9717
6366
351
8564
6178
1500
7150
4443
6014
2012
4375
3496
7151
2829
3241
9095
4156
9738
2804
8428
3491
1791
5226
8669
7200
3440
8169
1498
5964
4028
3731
9782
1585
4996
7495
3478
5216
9141
3498
550
5107
4468
1620
2130
2904
8063
522
7463
5966
3542
2510
7043
2265
2932
3312
9038
9874
3289
5560
8986
8125
4140
6867
5488
6159
100
6581
9559
4377
7502
2506
1094
4907
1099
4438
4945
165
1723
7549
3078
241
8439
2385
4182
2147
1416
8891
9738
688
142
3611
8333
5111
2471
5834
8092
7580
715
911
8253
8927
7357
2797
6059
2045
6319
3120
5961
3623
9340
3486
7060
6291
2102
748
9849
3472
6511
80
3188
8914
8553
333
7617
3613
47
3631
5862
8420
5382
9413
8797
1229
7439
5484
8642
2792
9486
1271
1168
5135
9765
671
501
6093
4591
3641
6054
3681
8080
7870
6516
9650
8098
6276
8508
2273
2439
2801
9690
2693
3883
3713
5859
6745
7673
8592
3711
5709
3727
9288
696
4482
9233
3752
8740
7146
7036
4184
6059
944
5007
6780
133
7286
5218
2897
434
8906
2770
501
2389
1720
1183
6418
8475
8062
5190
2246
915
814
522
6945
5534
7354
699
7196
2787
7633
8885
6033
4515
7777
9805
2466
8759
3911
126
1979
6384
316
293
3643
6287
5471
8995
7916
1686
1184
1926
7465
7318
279
4797
3440
7134
5100
6711
859
2644
4917
6167
831
6203
5565
6385
4776
1855
5618
533
9237
8416
3428
5509
2835
4600
6830
6686
8876
9239
8556
2551
9830
4116
494
7121
1624
5156
8007
2414
8901
9803
9684
2185
4830
5925
8681
4726
5926
7049
2570
688
7798
6726
4624
9903
3477
2862
4654
8698
4545
1541
7323
6635
6934
6150
6227
9764
2510
1263
405
6208
5785
8189
8876
9009
7178
4673
2796
7456
7241
2919
8444
863
5152
8052
6360
3849
6053
8338
9577
1705
8327
2485
5092
4793
948
232
1680
6855
9812
9676
520
4857
876
2197
6356
1613
7275
7650
1723
8872
3439
1740
4771
9896
7921
3189
9870
8825
2670
8628
7087
8521
5151
2891
9801
6741
4656
1337
6089
7702
708
8319
8501
6795
5510
8957
7148
7829
6187
2983
2819
4341
2650
9519
4460
895
8826
8526
8593
7469
6193
9859
3614
1991
5318
6525
2193
4632
3821
8958
9717
6456
4569
5995
4210
969
6650
5608
3934
3316
7534
5493
1757
7884
7339
4908
7175
6967
5204
9861
6511
2699
9878
4668
9899
9994
419
3712
700
7320
2178
3346
1184
1769
6979
1875
8472
9533
1414
9184
5975
8886
6792
5075
8674
2219
4200
8948
2109
2729
9653
6026
8744
8184
775
544
5131
5246
5218
1510
369
4301
9884
6277
273
4122
3425
2068
6569
9452
9945
5752
6435
4579
520
8197
9564
4084
213
8484
1838
9616
2239
2183
6271
9525
8425
7536
9499
6580
5701
2319
4283
9937
8405
8252
8808
5797
3307
3341
7958
2321
6463
2014
9932
3012
2366
3783
301
8263
7985
164
3174
6937
1134
3185
6072
5679
9848
3133
9306
4772
1327
9461
7194
8742
5864
1547
8560
1368
4506
3486
1479
186
1285
2353
7211
7398
2031
3720
328
2448
2905
7131
3624
4012
5077
1027
7670
589
984
1784
1768
5373
9712
8186
9076
6965
2289
4259
5602
1693
6233
8468
7106
8450
1581
4156
5838
7013
2722
7148
8797
7141
4700
6635
7561
747
5998
1858
1754
548
5261
8311
2531
7947
1090
6980
3841
8735
2557
605
273
624
3720
4282
4227
4698
5847
2075
2488
9103
8840
2163
8115
6015
9232
3564
177
8777
4888
4372
2737
4058
1359
9628
3274
2032
2630
885
5128
9963
4090
7773
5685
9384
8309
3099
6942
1715
7294
9363
826
6570
1950
8203
4516
5805
7070
5945
2821
8020
1529
8109
9304
5947
5241
367
8551
3673
4082
4964
423
1723
6720
5553
6707
8838
7682
2547
6977
3094
3253
4530
2696
8894
5170
1256
785
1612
3146
6191
9177
1778
9735
7719
7837
1688
134
9976
1146
5191
8965
5548
1794
3540
9897
892
7148
7681
5084
2230
4951
1051
4840
8178
951
7619
596
2892
6967
9631
7573
7762
7261
2719
3312
2957
9862
3095
6245
622
635
7233
1833
7878
7107
7077
3844
9893
4601
8388
1728
201
284
4435
2559
6460
3484
9054
1728
7801
2604
8104
283
2880
6710
5166
8834
2929
253
2349
8720
5223
6288
9267
3006
9000
6527
3013
1712
8883
5531
9658
2048
3478
8052
4746
5985
7082
6506
9065
9990
8471
5779
7708
8369
7839
4002
9384
7694
6333
1033
4293
9821
6036
297
7071
8489
5262
8239
8511
3339
6503
7524
1808
8912
2575
9828
8134
5794
8818
9647
5537
4594
6745
6460
4455
4213
9897
875
4344
3133
8983
6776
4189
9897
5280
7691
1361
3093
3848
6313
2641
4693
8717
4794
716
8370
9596
5360
3306
6791
5807
1362
7732
9507
5904
3483
9545
9885
5117
5623
2554
5815
6021
28
3999
3705
7077
5327
1003
5337
2013
7037
6326
97
8156
6550
8424
7200
1717
1716
9195
9923
736
9207
6326
4474
2792
4000
1807
2986
5787
7604
3483
7450
6968
5783
9490
8223
85
1361
1803
116
1439
5367
8096
458
2434
8031
4466
5272
7515
9599
7509
1413
194
7201
9858
5703
9895
583
4704
7618
4478
534
8276
2775
5816
7367
3811
634
2393
8320
597
369
3529
7677
4729
432
5383
7544
5785
921
2748
5486
9358
7560
9479
9647
7327
4909
2363
6062
207
6158
8881
9790
2086
3684
6445
6379
470
3804
3185
1368
4164
5283
1526
7169
9349
3836
1367
1015
6774
7637
1287
3951
9713
6331
7347
6111
5849
4613
2411
9575
6842
9809
3487
5299
2226
1405
218
712
3116
2232
4582
3637
7036
4273
334
4617
5272
9014
7503
1718
7119
9698
8538
5492
3340
267
5126
9038
8570
680
5929
3667
4519
4885
2651
1588
281
9398
1449
2080
9211
2953
8307
8877
7456
7497
3713
9666
8546
9234
1589
2097
373
8335
8154
9729
8408
4893
2002
845
9268
5903
9313
8558
8953
8582
266
1528
6317
280
4512
3705
4723
7712
4023
9989
386
9078
7777
8964
7110
1381
9638
3652
4385
6889
9381
1360
1617
2367
3555
7631
6210
2886
3395
8813
3402
3123
5728
4002
7801
5462
9333
7102
2230
6436
600
4739
2535
6066
5487
8125
3610
9696
2594
5300
6486
4061
730
9948
5397
4826
5594
7550
9302
4617
320
5612
2209
1897
3010
5333
1425
6157
585
4477
2582
1103
1746
3395
4400
2160
1924
9004
4845
5049
3012
1305
5419
2213
4031
6800
9584
9684
1789
7399
4704
8672
6072
6163
2044
5100
9749
3066
4898
1529
8918
7191
3356
327
441
8117
4519
2762
9913
4329
7797
5779
4748
9777
3261
1376
4344
180
9790
9756
1210
4372
8772
9879
7729
6424
9030
5250
9459
5700
1529
3405
3545
8670
2152
6935
8325
694
5490
6659
483
9196
5443
186
7433
5252
9450
5652
5596
2571
9620
6616
6494
8766
5965
332
9886
3692
2420
2661
8892
4557
6153
755
2241
106
7852
1968
9462
7277
3918
2016
9884
6587
5963
4284
7866
3605
7579
4458
1124
2461
1858
8323
1497
6623
6529
4303
8990
1860
869
375
6198
1149
6711
9324
3614
5234
9518
6688
1716
1836
4232
9924
6258
456
3947
7536
3076
6180
1269
8749
7960
8105
4079
1624
7569
1668
9355
3955
9782
3406
943
5084
990
9408
9408
6893
622
5689
9011
2408
7839
6563
7488
7988
7558
9674
5908
3175
9918
5522
4222
4742
2573
2917
8112
7744
945
5258
2348
6866
8055
3092
1262
8524
2340
1618
2560
5737
2895
2972
8276
1462
8780
3232
5174
1066
9433
5298
8107
5362
4469
3167
7970
6558
7612
6525
1454
4533
9524
5490
539
4094
8531
7463
3304
7330
3597
6879
8353
2430
5876
4998
439
4205
2885
1987
402
6848
3787
6993
923
5221
2903
7448
3108
5229
866
2697
4825
5092
8528
496
5558
2607
5749
3190
4305
4558
5129
1713
2644
7139
8681
3413
7877
5393
7069
1096
899
7311
5474
9847
4999
7299
8135
2355
3020
3796
3898
4934
463
4675
8409
9873
9728
3429
8124
689
6610
1750
4684
9255
5513
7831
7798
419
3836
3955
6072
9465
7072
1259
2874
78
192
4082
1423
3533
5849
7008
1913
1044
4687
3798
3169
1304
4178
5546
1875
6713
8793
442
1257
4658
1834
3638
7666
4158
3704
1575
1049
8140
5384
2930
4672
6980
6402
7584
3711
7484
8854
9029
517
6659
6402
1470
672
7052
4285
7648
7992
5145
1842
972
6180
8061
2477
6744
1615
5700
9567
529
3559
6216
8201
9687
8462
7436
4420
7760
6999
9762
3540
5451
4857
7330
3185
2955
3705
8049
8324
8262
3690
2952
7322
4596
743
895
2421
3297
7162
7972
5894
6013
8424
326
51
886
7966
297
3486
258
8224
8432
2687
262
785
9148
5540
6344
1388
4174
5313
7591
1476
9781
3949
5667
5178
5311
4709
737
7117
9474
2981
3712
1364
3788
5922
7119
5109
8487
285
4884
6549
467
4793
8559
7270
9889
5616
7494
4846
9508
679
6856
8134
2766
4759
4159
7032
6462
1374
9840
4459
7056
8116
1201
5935
6729
1976
5363
3681
7435
4390
1488
8703
4173
1720
2781
9016
1952
1362
4149
216
5102
4579
932
4980
9741
6598
5731
8874
9201
8633
3987
3110
1495
1998
7061
8103
4793
598
8425
7701
4951
9850
3221
3707
4322
2585
2456
1412
835
7689
2992
6706
7430
363
3140
3265
2371
3082
2737
2738
1204
5673
202
4282
1372
7396
8817
773
1197
3451
2233
893
815
6099
7064
8136
7455
9630
4511
4066
379
9495
317
531
5148
7672
8599
6530
5493
444
2171
763
862
2938
6204
2652
4171
8299
2986
9200
3107
4346
2578
9925
4673
1026
4181
6014
5185
1889
7683
688
7148
9357
6040
3150
3881
6402
2896
1104
1052
1826
9124
7163
2169
1483
897
5197
6436
1159
9386
8274
1829
3043
5472
3219
8400
548
5912
4097
6894
8916
5269
4094
2188
1384
1156
1176
2160
2811
4822
3793
7045
3428
5879
3256
7173
6395
1254
3461
3984
2074
6474
1464
9924
3692
3476
6534
3359
7530
1070
2953
1536
662
5094
2314
8628
9022
9954
4389
6069
6394
3295
7102
5799
8965
1312
8070
2175
6848
6178
5196
7693
4191
9101
1741
765
2428
86
9819
1268
8198
2665
3682
5729
819
3367
7523
4314
6917
4865
7406
