10
12
13
14
15
18
20
22
23
25
26
27
28
29
30
33
34
37
38
39
40
41
42
45
47
48
49
50
51
52
53
56
57
58
60
61
64
65
66
67
70
71
73
75
76
78
79
80
81
82
83
84
85
86
87
88
91
95
97
98
99
100
103
105
106
107
108
109
110
111
112
116
120
121
122
123
124
125
126
127
129
132
133
134
135
136
138
140
141
142
144
145
146
153
154
156
157
159
164
165
168
169
170
171
173
174
176
177
179
180
182
184
185
186
187
189
192
193
194
195
197
198
199
200
201
202
204
206
207
208
209
213
214
215
216
218
223
224
226
227
230
231
232
233
234
235
236
237
238
241
244
246
248
250
251
252
253
254
256
257
258
259
260
262
264
266
267
268
269
271
272
273
275
277
278
279
280
281
283
284
285
287
288
290
291
293
297
300
301
302
303
304
306
308
310
312
313
314
316
317
319
320
321
322
323
326
327
328
331
332
333
334
335
339
340
347
350
351
352
353
354
355
356
357
358
359
360
363
365
367
368
369
370
371
373
375
376
378
379
383
384
385
386
388
389
390
393
396
397
402
404
405
406
407
409
410
414
419
420
421
422
423
425
428
429
430
431
432
433
434
435
437
438
439
441
442
443
444
445
447
450
451
453
454
456
457
458
459
460
461
462
463
464
467
470
472
475
476
478
479
480
481
482
483
484
485
487
491
492
494
496
501
502
504
509
510
513
514
515
517
520
521
522
525
526
527
528
529
531
532
533
534
536
537
538
539
540
542
544
545
546
547
548
550
552
553
557
558
559
562
564
565
567
569
570
572
573
579
580
583
584
585
586
587
588
589
592
593
594
595
596
597
598
599
600
601
602
604
605
606
607
608
609
610
611
612
613
614
615
616
618
620
621
622
624
625
626
628
629
630
631
632
633
634
635
636
638
640
642
644
645
647
650
653
654
655
657
658
661
662
664
665
666
670
671
672
673
674
677
678
679
680
683
685
688
689
691
692
694
696
698
699
700
702
703
706
707
708
711
712
715
716
718
719
720
724
725
726
727
729
730
731
735
736
737
738
739
741
743
744
746
747
748
751
753
754
755
763
764
765
767
768
769
770
773
775
777
778
781
782
784
785
786
789
791
793
798
799
800
803
804
806
808
810
811
812
814
815
816
819
822
823
825
826
831
832
833
834
835
838
839
840
842
844
845
847
848
849
851
852
855
856
859
861
862
863
865
866
868
869
873
874
875
876
877
879
882
883
884
885
886
887
888
890
891
892
893
895
897
898
899
901
902
903
904
905
907
911
912
915
916
917
918
919
921
922
923
924
926
927
928
929
930
931
932
935
936
937
938
942
943
944
945
947
948
949
950
951
952
953
954
956
960
961
963
964
967
968
969
970
971
972
973
974
975
977
978
980
982
983
984
985
987
990
994
997
1000
1002
1003
1004
1005
1007
1008
1010
1013
1014
1015
1016
1017
1018
1019
1023
1025
1026
1027
1028
1029
1030
1031
1033
1035
1037
1039
1041
1042
1043
1044
1045
1046
1047
1048
1049
1050
1051
1052
1053
1054
1055
1056
1058
1059
1060
1062
1064
1066
1067
1069
1070
1072
1073
1079
1080
1082
1085
1086
1088
1089
1090
1091
1093
1094
1095
1096
1097
1098
1099
1100
1103
1104
1106
1108
1109
1110
1111
1112
1113
1115
1116
1117
1118
1119
1120
1121
1124
1125
1126
1128
1129
1131
1132
1133
1134
1135
1136
1139
1142
1143
1144
1145
1146
1147
1148
1149
1150
1153
1154
1156
1159
1161
1162
1163
1164
1165
1166
1168
1171
1173
1174
1176
1178
1180
1181
1183
1184
1189
1190
1191
1192
1193
1197
1198
1201
1202
1204
1205
1208
1209
1210
1211
1212
1213
1214
1215
1216
1218
1225
1226
1227
1229
1231
1233
1235
1236
1238
1239
1240
1241
1243
1245
1246
1247
1248
1249
1251
1252
1253
1254
1255
1256
1257
1258
1259
1260
1261
1262
1263
1264
1268
1269
1271
1272
1273
1275
1279
1280
1281
1282
1284
1285
1286
1287
1288
1289
1290
1293
1294
1295
1296
1299
1302
1303
1304
1305
1306
1307
1309
1310
1312
1313
1315
1319
1320
1321
1323
1324
1327
1328
1330
1331
1333
1335
1336
1337
1338
1340
1341
1342
1344
1347
1348
1349
1352
1353
1354
1356
1358
1359
1360
1361
1362
1364
1365
1367
1368
1369
1371
1372
1373
1374
1375
1376
1378
1379
1380
1381
1382
1384
1385
1386
1388
1390
1395
1397
1399
1400
1404
1405
1407
1408
1410
1411
1412
1413
1414
1415
1416
1417
1418
1420
1421
1422
1423
1424
1425
1426
1428
1429
1430
1431
1434
1435
1437
1438
1439
1440
1441
1442
1443
1445
1447
1449
1450
1453
1454
1457
1458
1460
1461
1462
1463
1464
1465
1468
1469
1470
1471
1473
1475
1476
1478
1479
1483
1484
1485
1486
1488
1490
1492
1493
1494
1495
1496
1497
1498
1499
1500
1501
1507
1510
1511
1512
1515
1519
1520
1524
1526
1528
1529
1530
1531
1534
1535
1536
1537
1539
1540
1541
1544
1545
1546
1547
1548
1550
1551
1552
1555
1556
1557
1558
1559
1561
1562
1566
1567
1568
1569
1570
1572
1574
1575
1577
1580
1581
1583
1585
1588
1589
1590
1591
1592
1593
1597
1598
1600
1602
1604
1606
1607
1608
1609
1610
1611
1612
1613
1614
1615
1616
1617
1618
1620
1622
1623
1624
1625
1626
1627
1628
1630
1632
1633
1635
1636
1637
1638
1639
1641
1642
1644
1646
1647
1648
1650
1652
1654
1655
1656
1658
1662
1663
1666
1667
1668
1670
1672
1673
1676
1677
1679
1680
1681
1685
1686
1687
1688
1689
1690
1692
1693
1694
1695
1697
1698
1699
1701
1703
1705
1707
1708
1711
1712
1713
1715
1716
1717
1718
1720
1722
1723
1724
1725
1726
1727
1728
1730
1731
1733
1734
1735
1737
1738
1739
1740
1741
1742
1743
1744
1745
1746
1748
1750
1751
1752
1753
1754
1755
1756
1757
1759
1761
1763
1764
1766
1768
1769
1771
1772
1777
1778
1779
1783
1784
1786
1787
1789
1790
1791
1793
1794
1797
1798
1799
1800
1802
1803
1805
1806
1807
1808
1809
1812
1813
1817
1818
1819
1820
1823
1826
1827
1828
1829
1831
1832
1833
1834
1836
1838
1840
1842
1844
1845
1846
1847
1849
1850
1851
1852
1854
1855
1856
1858
1859
1860
1862
1866
1867
1868
1871
1874
1875
1876
1878
1879
1880
1882
1883
1884
1885
1887
1888
1889
1891
1892
1894
1896
1897
1899
1902
1903
1904
1906
1908
1910
1913
1919
1920
1921
1922
1924
1926
1927
1928
1929
1930
1932
1933
1934
1935
1936
1937
1939
1943
1944
1945
1947
1948
1950
1952
1953
1954
1955
1956
1958
1960
1967
1968
1969
1970
1971
1974
1976
1977
1979
1980
1982
1983
1985
1987
1988
1989
1991
1993
1994
1995
1998
1999
2002
2003
2004
2005
2008
2010
2011
2012
2013
2014
2016
2018
2019
2020
2023
2024
2025
2026
2027
2028
2031
2032
2033
2034
2036
2037
2038
2039
2040
2044
2045
2047
2048
2049
2051
2053
2055
2056
2060
2061
2062
2068
2069
2071
2072
2073
2074
2075
2080
2084
2085
2086
2087
2088
2089
2090
2092
2093
2094
2095
2096
2097
2098
2100
2102
2103
2105
2106
2108
2109
2112
2116
2118
2120
2121
2122
2123
2124
2126
2129
2130
2131
2134
2135
2139
2140
2141
2143
2144
2146
2147
2148
2150
2152
2153
2154
2156
2157
2158
2160
2162
2163
2164
2166
2168
2169
2170
2171
2174
2175
2178
2180
2182
2183
2185
2188
2193
2194
2195
2196
2197
2199
2200
2201
2202
2203
2206
2209
2210
2211
2212
2213
2214
2216
2217
2218
2219
2220
2221
2223
2224
2226
2227
2230
2232
2233
2235
2239
2241
2244
2245
2246
2247
2248
2250
2251
2252
2254
2255
2257
2259
2260
2261
2263
2264
2265
2266
2269
2271
2272
2273
2278
2282
2283
2284
2285
2287
2288
2289
2290
2291
2293
2299
2303
2304
2306
2307
2308
2309
2310
2313
2314
2315
2318
2319
2320
2321
2323
2324
2326
2328
2329
2333
2336
2337
2339
2340
2342
2343
2344
2346
2347
2348
2349
2350
2351
2353
2354
2355
2356
2357
2359
2361
2363
2364
2365
2366
2367
2368
2370
2371
2373
2376
2377
2378
2379
2380
2385
2386
2388
2389
2390
2391
2392
2393
2394
2402
2404
2405
2406
2407
2408
2409
2411
2412
2413
2414
2415
2416
2417
2419
2420
2421
2422
2425
2428
2430
2431
2432
2434
2436
2437
2439
2440
2441
2444
2445
2446
2447
2448
2450
2451
2453
2455
2456
2458
2459
2460
2461
2462
2464
2466
2469
2470
2471
2474
2475
2477
2478
2480
2481
2484
2485
2486
2488
2492
2494
2495
2499
2501
2504
2505
2506
2507
2509
2510
2511
2512
2514
2515
2518
2521
2523
2524
2525
2527
2528
2529
2531
2534
2535
2538
2540
2544
2546
2547
2548
2551
2553
2554
2555
2556
2557
2559
2560
2565
2566
2567
2569
2570
2571
2572
2573
2574
2575
2577
2578
2579
2580
2582
2584
2585
2586
2589
2592
2594
2595
2596
2597
2598
2600
2602
2603
2604
2606
2607
2612
2613
2617
2618
2619
2620
2624
2625
2626
2628
2630
2632
2633
2635
2636
2637
2638
2639
2641
2642
2643
2644
2645
2646
2647
2648
2650
2651
2652
2654
2655
2656
2661
2664
2665
2666
2668
2669
2670
2673
2674
2676
2678
2679
2681
2682
2684
2686
2687
2690
2692
2693
2694
2696
2697
2698
2699
2700
2703
2704
2706
2707
2709
2710
2711
2714
2718
2719
2721
2722
2723
2727
2728
2729
2731
2732
2734
2736
2737
2738
2740
2741
2745
2746
2747
2748
2749
2753
2754
2756
2761
2762
2763
2764
2766
2770
2771
2773
2774
2775
2777
2778
2779
2781
2783
2786
2787
2788
2789
2790
2792
2793
2795
2796
2797
2798
2800
2801
2802
2804
2808
2810
2811
2812
2813
2815
2816
2817
2818
2819
2820
2821
2822
2826
2828
2829
2832
2833
2835
2837
2838
2840
2843
2844
2845
2846
2847
2848
2849
2852
2853
2854
2855
2857
2858
2859
2862
2864
2866
2867
2870
2871
2873
2874
2877
2879
2880
2881
2882
2884
2885
2886
2888
2891
2892
2893
2894
2895
2896
2897
2900
2902
2903
2904
2905
2906
2907
2908
2909
2910
2914
2915
2917
2918
2919
2922
2925
2928
2929
2930
2931
2932
2935
2936
2937
2938
2939
2944
2947
2952
2953
2955
2957
2958
2962
2965
2968
2970
2972
2975
2977
2979
2981
2983
2984
2986
2990
2991
2992
2993
2995
2996
2998
2999
3001
3002
3003
3006
3008
3010
3012
3013
3017
3018
3019
3020
3021
3022
3024
3025
3029
3032
3034
3035
3037
3038
3039
3040
3041
3043
3044
3046
3048
3049
3050
3057
3058
3065
3066
3067
3068
3070
3074
3075
3076
3077
3078
3082
3085
3086
3088
3089
3090
3091
3092
3093
3094
3095
3097
3098
3099
3107
3108
3110
3113
3114
3115
3116
3120
3123
3126
3127
3130
3131
3133
3135
3137
3139
3140
3142
3143
3144
3145
3146
3147
3149
3150
3151
3153
3154
3155
3156
3157
3164
3166
3167
3168
3169
3170
3171
3174
3175
3177
3179
3181
3182
3184
3185
3188
3189
3190
3192
3194
3195
3196
3197
3198
3199
3201
3202
3203
3207
3208
3213
3214
3215
3218
3219
3220
3221
3222
3223
3225
3226
3228
3229
3230
3232
3233
3234
3235
3236
3237
3239
3240
3241
3243
3245
3253
3256
3259
3261
3262
3264
3265
3266
3267
3270
3271
3274
3275
3277
3279
3280
3281
3282
3284
3285
3287
3288
3289
3290
3293
3294
3295
3296
3297
3298
3301
3302
3303
3304
3305
3306
3307
3308
3309
3312
3313
3314
3316
3318
3319
3323
3324
3325
3326
3327
3330
3331
3332
3333
3334
3335
3336
3339
3340
3341
3342
3343
3344
3346
3347
3348
3349
3350
3352
3355
3356
3358
3359
3360
3361
3362
3363
3367
3371
3372
3373
3375
3376
3377
3378
3379
3382
3384
3386
3387
3391
3392
3393
3394
3395
3396
3397
3398
3399
3401
3402
3403
3405
3406
3408
3409
3410
3412
3413
3415
3417
3422
3423
3424
3425
3428
3429
3438
3439
3440
3441
3442
3443
3445
3448
3450
3451
3452
3454
3455
3457
3458
3459
3460
3461
3463
3465
3466
3467
3468
3470
3471
3472
3476
3477
3478
3480
3481
3483
3484
3485
3486
3487
3488
3491
3494
3496
3497
3498
3499
3502
3504
3505
3506
3510
3516
3517
3518
3519
3520
3521
3524
3525
3526
3527
3528
3529
3533
3538
3539
3540
3541
3542
3543
3545
3548
3549
3550
3551
3554
3555
3556
3559
3563
3564
3566
3568
3570
3576
3578
3579
3580
3582
3583
3586
3588
3589
3593
3595
3597
3598
3599
3600
3601
3602
3603
3604
3605
3608
3609
3610
3611
3612
3613
3614
3616
3618
3621
3622
3623
3624
3626
3627
3628
3630
3631
3632
3633
3635
3637
3638
3639
3640
3641
3642
3643
3646
3647
3652
3653
3656
3657
3658
3660
3661
3662
3663
3664
3666
3667
3669
3670
3671
3673
3674
3676
3677
3678
3680
3681
3682
3684
3688
3690
3692
3693
3694
3697
3699
3701
3702
3704
3705
3706
3707
3708
3709
3711
3712
3713
3715
3717
3720
3721
3723
3724
3725
3727
3728
3731
3734
3736
3738
3740
3743
3744
3746
3748
3749
3750
3752
3755
3756
3757
3759
3760
3761
3764
3765
3767
3768
3769
3770
3771
3772
3773
3774
3775
3776
3777
3778
3779
3780
3781
3782
3783
3784
3785
3787
3788
3789
3790
3791
3793
3794
3796
3798
3800
3801
3802
3804
3805
3806
3807
3809
3810
3811
3812
3814
3815
3816
3818
3821
3822
3826
3827
3828
3829
3830
3831
3832
3834
3836
3838
3839
3840
3841
3842
3843
3844
3847
3848
3849
3852
3854
3856
3858
3860
3861
3862
3864
3865
3866
3868
3869
3870
3873
3874
3875
3877
3879
3880
3881
3883
3884
3886
3888
3892
3894
3895
3896
3897
3898
3899
3900
3901
3902
3903
3904
3905
3906
3907
3908
3909
3910
3911
3912
3915
3916
3918
3921
3922
3924
3931
3932
3933
3934
3936
3937
3940
3943
3944
3947
3949
3950
3951
3955
3956
3959
3960
3961
3965
3970
3971
3972
3974
3977
3978
3980
3981
3984
3987
3988
3990
3993
3995
3996
3997
3998
3999
4000
4001
4002
4003
4004
4009
4010
4011
4012
4015
4016
4018
4019
4021
4022
4023
4024
4025
4026
4027
4028
4031
4033
4034
4037
4039
4042
4043
4045
4048
4051
4052
4054
4055
4056
4058
4059
4060
4061
4062
4063
4064
4065
4066
4069
4072
4073
4076
4077
4078
4079
4080
4081
4082
4084
4085
4087
4088
4090
4091
4092
4093
4094
4095
4096
4097
4099
4102
4103
4105
4109
4110
4114
4116
4118
4119
4122
4124
4126
4127
4128
4133
4134
4135
4137
4138
4140
4141
4142
4145
4146
4147
4148
4149
4150
4152
4156
4157
4158
4159
4160
4161
4162
4164
4165
4166
4168
4170
4171
4172
4173
4174
4175
4176
4178
4180
4181
4182
4183
4184
4185
4186
4187
4189
4191
4192
4193
4194
4198
4199
4200
4201
4202
4203
4204
4205
4206
4207
4208
4209
4210
4213
4214
4215
4217
4220
4221
4222
4227
4228
4230
4231
4232
4235
4237
4238
4239
4242
4244
4245
4247
4249
4250
4255
4256
4257
4258
4259
4260
4261
4262
4263
4265
4267
4268
4271
4273
4274
4276
4278
4281
4282
4283
4284
4285
4286
4287
4289
4290
4292
4293
4294
4295
4297
4298
4300
4301
4303
4305
4306
4309
4310
4311
4312
4313
4314
4315
4316
4320
4321
4322
4323
4325
4329
4332
4334
4337
4339
4340
4341
4342
4344
4345
4346
4347
4348
4351
4353
4355
4356
4357
4359
4360
4361
4363
4367
4368
4370
4371
4372
4373
4374
4375
4377
4378
4379
4381
4384
4385
4386
4388
4389
4390
4391
4394
4395
4396
4397
4399
4400
4401
4402
4403
4406
4407
4408
4412
4413
4415
4418
4419
4420
4422
4423
4424
4427
4428
4429
4432
4433
4434
4435
4436
4438
4439
4441
4443
4446
4449
4450
4451
4453
4454
4455
4457
4458
4459
4460
4463
4465
4466
4468
4469
4470
4471
4474
4475
4477
4478
4479
4480
4481
4482
4484
4485
4488
4489
4492
4493
4494
4495
4496
4497
4499
4501
4502
4504
4505
4506
4508
4509
4511
4512
4513
4514
4515
4516
4517
4518
4519
4520
4523
4524
4527
4528
4530
4531
4533
4534
4536
4537
4538
4542
4543
4545
4546
4549
4550
4551
4552
4554
4556
4557
4558
4559
4563
4565
4566
4567
4569
4571
4574
4577
4579
4580
4581
4582
4583
4586
4590
4591
4592
4593
4594
4595
4596
4598
4600
4601
4603
4607
4608
4610
4612
4613
4616
4617
4620
4621
4624
4628
4630
4632
4633
4634
4635
4636
4637
4638
4639
4643
4646
4649
4650
4653
4654
4655
4656
4657
4658
4661
4662
4667
4668
4669
4672
4673
4675
4677
4678
4679
4681
4683
4684
4686
4687
4689
4690
4693
4695
4698
4700
4702
4703
4704
4705
4707
4708
4709
4711
4712
4717
4718
4723
4724
4726
4729
4733
4735
4736
4737
4739
4740
4742
4743
4744
4746
4748
4749
4750
4752
4753
4755
4757
4758
4759
4760
4761
4763
4764
4765
4767
4768
4770
4771
4772
4775
4776
4777
4778
4779
4782
4783
4784
4786
4789
4791
4792
4793
4794
4796
4797
4801
4803
4808
4810
4811
4812
4813
4815
4819
4820
4822
4824
4825
4826
4827
4828
4830
4831
4833
4835
4837
4838
4839
4840
4841
4842
4843
4844
4845
4846
4847
4848
4850
4852
4853
4855
4857
4858
4859
4861
4863
4865
4868
4870
4872
4873
4874
4875
4876
4877
4878
4882
4883
4884
4885
4886
4888
4889
4890
4893
4895
4898
4900
4902
4903
4904
4905
4907
4908
4909
4910
4911
4913
4915
4916
4917
4919
4920
4921
4922
4923
4924
4925
4927
4928
4930
4931
4932
4933
4934
4938
4940
4945
4946
4947
4948
4950
4951
4952
4954
4955
4956
4959
4961
4962
4963
4964
4965
4966
4967
4969
4970
4971
4974
4978
4979
4980
4982
4983
4984
4986
4987
4988
4989
4990
4991
4992
4996
4998
4999
5001
5002
5003
5004
5005
5006
5007
5008
5012
5015
5017
5020
5021
5022
5024
5028
5029
5030
5032
5035
5036
5037
5038
5039
5041
5043
5044
5046
5047
5048
5049
5050
5051
5052
5056
5057
5059
5060
5063
5064
5065
5066
5067
5069
5070
5072
5073
5075
5077
5078
5079
5080
5081
5084
5085
5086
5089
5090
5091
5092
5094
5096
5099
5100
5101
5102
5103
5104
5105
5106
5107
5108
5109
5111
5112
5113
5114
5115
5117
5119
5120
5121
5122
5125
5126
5128
5129
5130
5131
5133
5134
5135
5136
5138
5140
5142
5143
5144
5145
5146
5147
5148
5149
5150
5151
5152
5153
5155
5156
5157
5158
5159
5160
5161
5162
5163
5164
5165
5166
5167
5168
5169
5170
5174
5176
5178
5180
5181
5182
5183
5185
5186
5189
5190
5191
5193
5194
5195
5196
5197
5198
5199
5203
5204
5205
5206
5207
5208
5211
5212
5214
5216
5217
5218
5221
5222
5223
5224
5225
5226
5227
5229
5230
5231
5233
5234
5235
5236
5241
5242
5243
5246
5247
5248
5249
5250
5252
5254
5255
5258
5259
5260
5261
5262
5264
5266
5267
5268
5269
5270
5272
5273
5274
5275
5279
5280
5282
5283
5288
5290
5292
5293
5294
5296
5298
5299
5300
5301
5302
5305
5309
5310
5311
5313
5314
5318
5319
5321
5323
5327
5329
5330
5331
5332
5333
5335
5337
5340
5344
5347
5349
5351
5352
5353
5354
5355
5356
5357
5359
5360
5362
5363
5364
5367
5370
5371
5373
5375
5378
5379
5382
5383
5384
5386
5390
5391
5393
5394
5397
5398
5399
5400
5402
5403
5404
5405
5406
5410
5413
5414
5415
5417
5419
5420
5422
5423
5427
5429
5431
5432
5433
5434
5436
5437
5438
5439
5440
5442
5443
5444
5445
5447
5451
5452
5454
5455
5456
5459
5461
5462
5463
5466
5467
5469
5471
5472
5473
5474
5476
5477
5478
5479
5481
5483
5484
5486
5487
5488
5489
5490
5491
5492
5493
5494
5496
5497
5498
5499
5500
5501
5502
5503
5504
5505
5509
5510
5511
5513
5514
5518
5520
5521
5522
5523
5524
5525
5527
5528
5530
5531
5532
5533
5534
5535
5537
5538
5540
5543
5544
5546
5547
5548
5549
5550
5552
5553
5554
5557
5558
5559
5560
5561
5562
5563
5564
5565
5566
5568
5569
5570
5572
5573
5574
5575
5576
5581
5582
5584
5586
5587
5594
5596
5597
5601
5602
5603
5605
5608
5609
5612
5613
5614
5615
5616
5617
5618
5619
5620
5623
5627
5628
5629
5630
5631
5632
5633
5637
5638
5639
5640
5643
5644
5646
5650
5652
5653
5655
5656
5657
5659
5661
5662
5664
5665
5666
5667
5668
5670
5671
5673
5675
5676
5677
5679
5682
5683
5685
5686
5689
5691
5694
5695
5697
5698
5699
5700
5701
5703
5704
5706
5707
5708
5709
5711
5712
5714
5715
5717
5718
5720
5721
5722
5723
5725
5727
5728
5729
5730
5731
5732
5733
5734
5735
5736
5737
5738
5741
5744
5747
5748
5749
5751
5752
5753
5757
5760
5761
5762
5763
5764
5766
5767
5769
5771
5772
5773
5774
5775
5778
5779
5780
5781
5782
5783
5784
5785
5787
5788
5791
5792
5794
5796
5797
5798
5799
5800
5802
5803
5804
5805
5806
5807
5808
5810
5812
5813
5814
5815
5816
5817
5821
5822
5823
5825
5828
5832
5834
5835
5836
5837
5838
5841
5842
5846
5847
5849
5851
5852
5855
5856
5857
5858
5859
5860
5861
5862
5864
5866
5867
5868
5869
5871
5872
5873
5874
5875
5876
5879
5880
5881
5882
5884
5885
5886
5893
5894
5898
5900
5901
5902
5903
5904
5905
5906
5907
5908
5909
5910
5912
5913
5914
5915
5916
5917
5918
5920
5921
5922
5923
5924
5925
5926
5928
5929
5930
5931
5932
5934
5935
5936
5938
5939
5940
5941
5943
5944
5945
5946
5947
5950
5952
5953
5954
5955
5958
5960
5961
5962
5963
5964
5965
5966
5970
5971
5972
5974
5975
5976
5978
5979
5980
5981
5984
5985
5986
5987
5988
5991
5992
5993
5994
5995
5996
5997
5998
6003
6005
6008
6009
6010
6011
6012
6013
6014
6015
6016
6019
6020
6021
6023
6024
6025
6026
6027
6028
6029
6030
6031
6032
6033
6035
6036
6037
6038
6039
6040
6041
6043
6044
6048
6049
6052
6053
6054
6058
6059
6060
6062
6064
6065
6066
6069
6072
6073
6076
6077
6080
6081
6082
6083
6084
6087
6088
6089
6091
6092
6093
6097
6099
6105
6107
6109
6110
6111
6113
6114
6115
6117
6118
6119
6121
6122
6125
6126
6127
6128
6129
6131
6132
6133
6134
6135
6136
6143
6145
6147
6149
6150
6152
6153
6157
6158
6159
6160
6161
6163
6164
6165
6166
6167
6170
6175
6176
6178
6180
6181
6182
6183
6187
6189
6191
6192
6193
6194
6195
6197
6198
6200
6202
6203
6204
6205
6207
6208
6209
6210
6211
6212
6213
6214
6215
6216
6220
6221
6222
6226
6227
6232
6233
6234
6236
6238
6243
6244
6245
6246
6247
6251
6252
6255
6257
6258
6259
6264
6265
6269
6270
6271
6272
6276
6277
6278
6281
6282
6284
6287
6288
6291
6292
6293
6295
6296
6297
6299
6300
6301
6303
6304
6306
6307
6308
6309
6310
6311
6312
6313
6314
6317
6318
6319
6320
6321
6322
6324
6326
6327
6329
6330
6331
6332
6333
6335
6336
6338
6339
6340
6341
6343
6344
6345
6346
6349
6350
6351
6354
6356
6360
6361
6365
6366
6367
6368
6370
6371
6374
6375
6379
6384
6385
6386
6389
6393
6394
6395
6398
6399
6400
6402
6404
6405
6406
6407
6408
6410
6411
6416
6417
6418
6420
6421
6424
6425
6427
6428
6431
6432
6433
6434
6435
6436
6437
6441
6442
6444
6445
6447
6448
6450
6451
6453
6454
6455
6456
6457
6458
6460
6462
6463
6464
6465
6467
6468
6469
6470
6471
6472
6474
6475
6477
6479
6480
6481
6482
6484
6485
6486
6487
6488
6494
6497
6498
6499
6501
6503
6505
6506
6510
6511
6513
6514
6515
6516
6517
6518
6519
6520
6521
6522
6524
6525
6527
6528
6529
6530
6531
6533
6534
6536
6539
6540
6541
6542
6543
6544
6545
6547
6549
6550
6551
6553
6554
6555
6556
6558
6559
6560
6561
6562
6563
6565
6566
6568
6569
6570
6572
6574
6578
6580
6581
6583
6584
6585
6587
6590
6592
6593
6594
6595
6596
6598
6599
6600
6601
6602
6604
6605
6606
6610
6611
6613
6614
6615
6616
6617
6618
6619
6620
6621
6622
6623
6624
6625
6626
6628
6632
6635
6636
6639
6643
6644
6645
6647
6648
6649
6650
6652
6654
6655
6656
6657
6659
6660
6661
6663
6666
6667
6668
6669
6672
6674
6675
6677
6678
6679
6680
6683
6684
6685
6686
6688
6690
6692
6693
6699
6700
6701
6702
6704
6705
6706
6707
6708
6710
6711
6713
6714
6715
6717
6720
6721
6722
6723
6726
6729
6731
6733
6734
6737
6740
6741
6742
6743
6744
6745
6748
6749
6750
6752
6754
6757
6762
6764
6765
6766
6769
6772
6773
6774
6776
6779
6780
6782
6785
6787
6790
6791
6792
6794
6795
6796
6797
6799
6800
6801
6803
6806
6808
6809
6811
6813
6815
6816
6817
6818
6820
6824
6825
6828
6829
6830
6831
6832
6836
6837
6839
6840
6842
6843
6844
6845
6847
6848
6849
6850
6851
6852
6853
6854
6855
6856
6859
6860
6864
6866
6867
6868
6869
6870
6871
6872
6875
6877
6878
6879
6881
6883
6884
6886
6887
6888
6889
6891
6892
6893
6894
6895
6896
6897
6899
6900
6903
6904
6905
6906
6907
6911
6913
6914
6915
6916
6917
6919
6920
6921
6922
6924
6925
6930
6931
6934
6935
6936
6937
6939
6940
6942
6943
6944
6945
6947
6949
6951
6952
6955
6959
6960
6961
6963
6965
6966
6967
6968
6971
6972
6973
6974
6977
6979
6980
6981
6984
6985
6987
6988
6989
6990
6993
6994
6995
6998
6999
7000
7001
7002
7005
7006
7007
7008
7010
7013
7015
7016
7019
7020
7021
7024
7025
7026
7027
7028
7030
7032
7033
7034
7035
7036
7037
7042
7043
7045
7049
7051
7052
7053
7054
7055
7056
7057
7059
7060
7061
7062
7064
7065
7066
7068
7069
7070
7071
7072
7073
7075
7077
7078
7079
7081
7082
7086
7087
7088
7089
7090
7091
7092
7094
7095
7096
7097
7098
7101
7102
7104
7106
7107
7108
7110
7111
7113
7117
7119
7121
7123
7124
7128
7130
7131
7133
7134
7135
7136
7137
7139
7140
7141
7144
7146
7147
7148
7149
7150
7151
7152
7153
7154
7157
7158
7160
7162
7163
7168
7169
7171
7172
7173
7175
7178
7181
7184
7186
7187
7188
7191
7192
7194
7195
7196
7197
7199
7200
7201
7202
7204
7211
7212
7213
7214
7216
7218
7219
7222
7226
7228
7229
7230
7231
7233
7236
7237
7239
7241
7242
7243
7246
7247
7252
7253
7255
7256
7257
7259
7261
7262
7266
7267
7269
7270
7272
7273
7275
7276
7277
7279
7282
7284
7286
7287
7288
7289
7291
7292
7293
7294
7298
7299
7300
7302
7303
7304
7307
7310
7311
7312
7315
7317
7318
7319
7320
7322
7323
7325
7327
7329
7330
7332
7334
7337
7339
7342
7347
7348
7349
7351
7354
7355
7357
7359
7361
7362
7364
7365
7366
7367
7369
7373
7374
7375
7376
7377
7378
7380
7381
7384
7385
7392
7393
7394
7396
7398
7399
7400
7402
7404
7406
7408
7409
7410
7412
7416
7417
7419
7420
7423
7425
7426
7428
7430
7433
7434
7435
7436
7437
7439
7441
7444
7445
7447
7448
7449
7450
7454
7455
7456
7457
7458
7461
7463
7464
7465
7466
7469
7470
7471
7472
7473
7474
7475
7477
7479
7480
7482
7484
7485
7486
7487
7488
7489
7492
7493
7494
7495
7496
7497
7502
7503
7504
7505
7506
7507
7508
7509
7512
7515
7518
7520
7522
7523
7524
7525
7527
7528
7530
7532
7533
7534
7535
7536
7537
7539
7541
7542
7544
7545
7549
7550
7551
7553
7554
7557
7558
7559
7560
7561
7564
7566
7567
7569
7570
7572
7573
7574
7575
7576
7577
7578
7579
7580
7581
7584
7585
7586
7590
7591
7592
7594
7595
7600
7602
7604
7607
7608
7609
7610
7611
7612
7617
7618
7619
7620
7622
7624
7625
7626
7627
7628
7629
7630
7631
7633
7637
7638
7639
7640
7641
7642
7643
7646
7648
7650
7654
7655
7656
7658
7661
7663
7664
7665
7666
7668
7669
7670
7672
7673
7676
7677
7680
7681
7682
7683
7685
7686
7687
7688
7689
7691
7692
7693
7694
7695
7696
7697
7698
7700
7701
7702
7703
7704
7705
7708
7709
7710
7711
7712
7713
7715
7716
7717
7719
7720
7722
7723
7725
7726
7727
7729
7730
7732
7734
7735
7736
7737
7738
7741
7743
7744
7747
7750
7752
7753
7754
7760
7761
7762
7764
7766
7767
7769
7770
7771
7772
7773
7777
7778
7779
7780
7781
7782
7783
7784
7785
7786
7788
7789
7791
7792
7794
7797
7798
7799
7801
7803
7804
7805
7807
7809
7811
7812
7816
7817
7818
7819
7822
7824
7825
7826
7827
7828
7829
7830
7831
7832
7833
7834
7835
7837
7838
7839
7840
7841
7844
7845
7846
7848
7849
7851
7852
7853
7855
7857
7859
7860
7863
7864
7865
7866
7867
7868
7870
7877
7878
7880
7883
7884
7886
7889
7891
7894
7895
7901
7903
7904
7906
7909
7911
7914
7916
7917
7919
7920
7921
7922
7923
7925
7927
7930
7931
7933
7934
7935
7936
7937
7938
7939
7941
7942
7943
7944
7945
7946
7947
7950
7951
7953
7956
7957
7958
7960
7961
7963
7965
7966
7967
7968
7969
7970
7971
7972
7973
7976
7977
7978
7979
7981
7983
7985
7987
7988
7989
7991
7992
7993
7996
7997
7998
8000
8001
8003
8005
8007
8010
8014
8015
8016
8017
8018
8019
8020
8021
8022
8023
8025
8026
8028
8029
8031
8032
8033
8035
8037
8038
8039
8040
8042
8043
8046
8048
8049
8050
8051
8052
8055
8057
8058
8060
8061
8062
8063
8066
8069
8070
8072
8077
8078
8079
8080
8082
8084
8085
8087
8088
8090
8091
8092
8093
8094
8096
8097
8098
8100
8101
8102
8103
8104
8105
8107
8109
8110
8111
8112
8113
8114
8115
8116
8117
8120
8121
8122
8124
8125
8126
8127
8131
8133
8134
8135
8136
8137
8138
8140
8141
8142
8143
8144
8145
8146
8147
8148
8149
8151
8153
8154
8155
8156
8158
8160
8162
8163
8164
8167
8169
8170
8171
8172
8173
8175
8176
8177
8178
8179
8180
8182
8183
8184
8186
8189
8192
8193
8194
8195
8196
8197
8198
8199
8201
8203
8204
8207
8209
8211
8213
8214
8215
8217
8219
8222
8223
8224
8225
8226
8227
8230
8231
8235
8236
8237
8238
8239
8241
8244
8245
8247
8248
8249
8251
8252
8253
8256
8258
8260
8261
8262
8263
8264
8265
8271
8274
8275
8276
8278
8279
8280
8281
8284
8286
8287
8289
8290
8291
8293
8294
8295
8297
8298
8299
8301
8306
8307
8308
8309
8311
8312
8313
8314
8315
8316
8317
8318
8319
8320
8323
8324
8325
8326
8327
8331
8333
8334
8335
8336
8337
8338
8339
8341
8345
8346
8348
8349
8350
8351
8352
8353
8360
8361
8362
8364
8365
8366
8368
8369
8370
8373
8375
8377
8378
8380
8381
8383
8385
8387
8388
8389
8391
8393
8394
8397
8398
8400
8405
8408
8409
8412
8413
8416
8417
8418
8419
8420
8421
8422
8423
8424
8425
8428
8429
8430
8431
8432
8433
8434
8435
8437
8439
8440
8442
8443
8444
8447
8448
8449
8450
8452
8458
8459
8460
8462
8463
8464
8465
8466
8468
8469
8470
8471
8472
8473
8474
8475
8476
8477
8479
8481
8483
8484
8485
8487
8488
8489
8493
8495
8496
8499
8500
8501
8503
8507
8508
8511
8515
8518
8519
8521
8524
8526
8527
8528
8531
8534
8535
8536
8538
8540
8542
8544
8545
8546
8547
8548
8549
8551
8552
8553
8554
8556
8558
8559
8560
8562
8564
8567
8570
8571
8572
8573
8579
8581
8582
8583
8585
8586
8587
8588
8589
8590
8592
8593
8594
8595
8597
8598
8599
8600
8602
8603
8604
8606
8607
8608
8610
8612
8613
8614
8615
8616
8618
8620
8621
8623
8624
8628
8631
8632
8633
8635
8636
8637
8638
8639
8641
8642
8643
8644
8647
8648
8651
8653
8655
8656
8657
8659
8660
8661
8662
8663
8664
8665
8666
8667
8669
8670
8671
8672
8673
8674
8675
8676
8677
8678
8680
8681
8682
8683
8684
8689
8690
8692
8693
8694
8695
8696
8697
8698
8699
8700
8703
8704
8705
8706
8707
8709
8710
8712
8713
8714
8715
8717
8718
8720
8721
8722
8725
8726
8727
8728
8729
8730
8731
8733
8735
8740
8742
8743
8744
8747
8749
8750
8753
8754
8755
8759
8760
8761
8763
8764
8765
8766
8767
8768
8769
8770
8771
8772
8777
8778
8780
8782
8783
8784
8785
8786
8788
8790
8792
8793
8795
8797
8798
8803
8804
8806
8808
8809
8811
8812
8813
8816
8817
8818
8819
8824
8825
8826
8828
8829
8830
8834
8836
8837
8838
8839
8840
8843
8845
8849
8850
8852
8853
8854
8856
8857
8858
8861
8862
8863
8865
8867
8868
8869
8870
8871
8872
8873
8874
8876
8877
8879
8881
8883
8885
8886
8887
8888
8891
8892
8893
8894
8900
8901
8902
8904
8905
8906
8907
8909
8912
8914
8915
8916
8917
8918
8919
8923
8926
8927
8928
8929
8931
8934
8935
8938
8941
8942
8943
8946
8948
8951
8952
8953
8956
8957
8958
8959
8961
8962
8964
8965
8967
8971
8972
8974
8978
8979
8980
8981
8982
8983
8986
8988
8990
8993
8994
8995
8996
8997
8999
9000
9002
9004
9005
9006
9007
9009
9010
9011
9012
9014
9015
9016
9018
9019
9020
9021
9022
9024
9026
9028
9029
9030
9032
9033
9034
9038
9040
9041
9044
9045
9048
9051
9053
9054
9056
9058
9062
9065
9066
9067
9068
9069
9071
9073
9074
9075
9076
9077
9078
9079
9080
9081
9082
9083
9084
9085
9086
9087
9088
9090
9091
9093
9095
9097
9098
9101
9102
9103
9105
9108
9109
9110
9112
9115
9116
9119
9121
9123
9124
9127
9131
9132
9134
9135
9136
9139
9141
9142
9143
9144
9145
9148
9155
9156
9157
9158
9159
9160
9161
9164
9165
9166
9168
9172
9173
9175
9177
9180
9181
9182
9184
9186
9187
9188
9189
9190
9192
9193
9194
9195
9196
9197
9200
9201
9204
9205
9207
9209
9210
9211
9212
9213
9214
9216
9217
9218
9221
9222
9226
9228
9229
9230
9231
9232
9233
9234
9235
9237
9239
9240
9241
9242
9247
9248
9250
9251
9255
9256
9257
9258
9259
9262
9267
9268
9269
9271
9272
9273
9274
9275
9279
9280
9283
9286
9287
9288
9289
9290
9291
9292
9293
9294
9297
9298
9299
9300
9301
9302
9304
9305
9306
9308
9309
9311
9312
9313
9314
9316
9318
9319
9320
9321
9322
9323
9324
9326
9327
9328
9330
9331
9332
9333
9334
9335
9336
9340
9341
9342
9346
9348
9349
9350
9351
9354
9355
9356
9357
9358
9359
9360
9361
9363
9365
9366
9367
9370
9372
9373
9374
9375
9377
9380
9381
9382
9384
9385
9386
9387
9388
9390
9391
9392
9393
9394
9395
9397
9398
9400
9401
9402
9403
9406
9408
9409
9410
9411
9412
9413
9415
9418
9421
9422
9424
9427
9428
9429
9430
9431
9432
9433
9435
9441
9443
9445
9446
9447
9448
9449
9450
9451
9452
9454
9457
9459
9461
9462
9465
9466
9467
9468
9471
9472
9473
9474
9475
9476
9477
9478
9479
9480
9484
9485
9486
9488
9489
9490
9493
9494
9495
9497
9499
9502
9503
9504
9505
9507
9508
9509
9510
9511
9515
9517
9518
9519
9523
9524
9525
9526
9529
9530
9533
9534
9535
9536
9537
9538
9540
9541
9544
9545
9546
9547
9548
9550
9551
9555
9556
9559
9562
9563
9564
9565
9566
9567
9568
9569
9571
9572
9574
9575
9576
9577
9579
9581
9582
9583
9584
9588
9589
9590
9594
9595
9596
9597
9599
9601
9605
9606
9607
9608
9610
9612
9615
9616
9617
9619
9620
9624
9626
9627
9628
9630
9631
9632
9633
9634
9636
9637
9638
9639
9643
9647
9648
9649
9650
9651
9652
9653
9654
9656
9658
9659
9661
9663
9666
9669
9670
9671
9673
9674
9676
9678
9679
9680
9681
9684
9685
9686
9687
9688
9689
9690
9691
9693
9695
9696
9697
9698
9699
9700
9702
9703
9704
9705
9706
9712
9713
9716
9717
9718
9719
9721
9723
9724
9725
9726
9728
9729
9730
9732
9733
9734
9735
9737
9738
9741
9742
9743
9744
9745
9746
9748
9749
9750
9751
9754
9755
9756
9757
9758
9759
9760
9762
9764
9765
9771
9772
9773
9775
9777
9778
9779
9781
9782
9783
9784
9785
9787
9788
9789
9790
9794
9795
9797
9798
9801
9802
9803
9804
9805
9809
9810
9812
9813
9814
9815
9816
9817
9819
9821
9822
9826
9827
9828
9829
9830
9831
9832
9833
9834
9839
9840
9841
9845
9846
9847
9848
9849
9850
9851
9852
9855
9856
9858
9859
9860
9861
9862
9864
9866
9867
9868
9869
9870
9871
9872
9873
9874
9875
9876
9878
9879
9880
9881
9882
9883
9884
9885
9886
9889
9891
9892
9893
9894
9895
9896
9897
9898
9899
9900
9901
9903
9904
9910
9911
9912
9913
9916
9917
9918
9919
9921
9922
9923
9924
9925
9928
9929
9930
9932
9933
9937
9938
9939
9940
9941
9944
9945
9946
9947
9948
9949
9952
9953
9954
9955
9956
9958
9960
9961
9963
9965
9969
9972
9974
9976
9977
9978
9979
9980
9983
9984
9986
9988
9989
9990
9991
9992
9993
9994
9995
9996
9997
9999
